err_x,err_y,err_z,rot_x_1,rot_x_2,rot_x_3,rot_y_1,rot_y_2,rot_y_3,rot_z_1,rot_z_2,rot_z_3,root_linvels_x,root_linvels_y,root_linvels_z,root_angvels_x,root_angvels_y,root_angvels_z,relative_pos0_x,relative_pos0_y,relative_pos0_z,relative_pos1_x,relative_pos1_y,relative_pos1_z,relative_pos2_x,relative_pos2_y,relative_pos2_z,relative_pos3_x,relative_pos3_y,relative_pos3_z
0.0,0.0,0.0,0.0,0.0,0.0,0.0,0.0,0.0,0.0,0.0,0.0,0.0,0.0,0.0,0.0,0.0,0.0,0.0,0.0,0.0,0.0,0.0,0.0,0.0,0.0,0.0,0.0,0.0,0.0
0.0010744509,0.0010897095,-0.042649984,0.99994105,0.010799138,0.0011757422,-0.010797197,0.9999403,-0.0016450387,-0.0011934371,0.001632247,0.99999785,-0.00023621356,-0.0015871802,0.04946928,-0.0975429,-0.071173444,0.64494663,0.0010744509,0.0010897095,-0.042649984,0.03309689,0.03310611,-0.042649984,0.09770103,0.097560965,-0.042649984,0.18429017,0.18326415,-0.042649984
0.009090273,0.009090151,-0.04677272,0.99791473,0.06420877,0.0065606404,-0.06414343,0.9978931,-0.009726598,-0.0071713515,0.009285496,0.999931,-0.0035375764,-0.00088238076,0.14842457,-0.28014424,-0.20318481,1.9188083,0.009090273,0.009090151,-0.04677272,0.055807725,0.05577887,-0.04677272,0.13018781,0.12982094,-0.04677272,0.22360757,0.22175053,-0.04677272
0.015728578,0.015628766,-0.050070643,0.99423736,0.10667464,0.010598052,-0.106496915,0.9941823,-0.016118078,-0.012255788,0.014896538,0.9998138,-0.0054290947,0.0017423593,0.19786821,-0.3617247,-0.27436003,2.5562882,0.015728578,0.015628766,-0.050070643,0.0689017,0.06874839,-0.050070643,0.14764728,0.14701398,-0.050070643,0.2441562,0.2416432,-0.050070643
0.02392285,0.023607844,-0.054192185,0.98706615,0.15955713,0.015536622,-0.15916064,0.9869586,-0.024084343,-0.019176837,0.021300027,0.9995889,-0.007280323,0.005349914,0.24728268,-0.43484604,-0.35771966,3.199077,0.02392285,0.023607844,-0.054192185,0.08304066,0.08263345,-0.054192185,0.16584666,0.1647786,-0.054192185,0.26525143,0.26184922,-0.054192185
0.033554655,0.032907747,-0.05913675,0.9746791,0.22258748,0.02133716,-0.22181015,0.97450686,-0.033711813,-0.028297039,0.028125405,0.99920374,-0.0098361755,0.009634921,0.2966878,-0.5011541,-0.45246744,3.8464127,0.033554655,0.032907747,-0.05913675,0.09815879,0.0973626,-0.05913675,0.18474793,0.18306579,-0.05913675,0.28687117,0.28233075,-0.05913675
0.044542026,0.04338359,-0.06490362,0.95505124,0.29513654,0.027778102,-0.29375073,0.95481557,-0.045141913,-0.03984599,0.034953,0.99859434,-0.014325038,0.014707702,0.34608278,-0.56315315,-0.5513705,4.494348,0.044542026,0.04338359,-0.06490362,0.11422014,0.11283218,-0.06490362,0.20433989,0.20179129,-0.06490362,0.3090182,0.30301297,-0.06490362
0.056822434,0.054939635,-0.071492314,0.92593455,0.37609953,0.0345559,-0.37381035,0.9256646,-0.058400277,-0.053951498,0.041157488,0.99769485,-0.021947753,0.021014463,0.3953969,-0.6140223,-0.6510419,5.1391635,0.056822434,0.054939635,-0.071492314,0.13120252,0.12898171,-0.071492314,0.22462228,0.2209113,-0.071492314,0.3317054,0.32386085,-0.071492314
0.070374176,0.06743614,-0.07889974,0.88495123,0.4638429,0.04136242,-0.46029887,0.88472944,-0.073337786,-0.070611775,0.045861296,0.9964489,-0.033454027,0.028984938,0.44449252,-0.64376956,-0.74908453,5.780258,0.070374176,0.06743614,-0.07889974,0.14911975,0.14570172,-0.07889974,0.24562867,0.24033095,-0.07889974,0.35497767,0.34478685,-0.07889974
0.08519215,0.08075662,-0.087120414,0.8296956,0.5561667,0.047786623,-0.55098563,0.8296763,-0.08973153,-0.08955313,0.048120122,0.99481875,-0.04901096,0.038649987,0.49323264,-0.6523562,-0.8371637,6.420046,0.08519215,0.08075662,-0.087120414,0.16799815,0.16290177,-0.087120414,0.26740292,0.2599724,-0.087120414,0.3788895,0.36571988,-0.087120414
0.101263955,0.09482201,-0.0961467,0.75784254,0.650247,0.053413805,-0.6430526,0.7582702,-0.10728069,-0.11026105,0.04695401,0.9927926,-0.06840587,0.049523465,0.54155153,-0.6397213,-0.91104,7.0630703,0.101263955,0.09482201,-0.0961467,0.1878531,0.1805252,-0.0961467,0.28997633,0.27979016,-0.0961467,0.40348157,0.3866203,-0.0961467
0.118599415,0.10952865,-0.1059705,0.6666385,0.743128,0.0579112,-0.7335947,0.6678759,-0.12562007,-0.1320293,0.041259836,0.9903866,-0.09154941,0.062055368,0.58939683,-0.6110255,-0.96772933,7.8167753,0.118599415,0.10952865,-0.1059705,0.20871916,0.19848776,-0.1059705,0.31339747,0.29970944,-0.1059705,0.42881134,0.4074189,-0.1059705
0.13719922,0.12483132,-0.1165849,0.55434865,0.83004355,0.06103051,-0.8179643,0.5568881,-0.14425516,-0.15372528,0.030046906,0.98765635,-0.11849757,0.07219579,0.6369317,-0.54524314,-1.0086019,8.475634,0.13719922,0.12483132,-0.1165849,0.23061898,0.2167609,-0.1165849,0.3377021,0.31971046,-0.1165849,0.4549222,0.4281005,-0.1165849
0.15707721,0.1407121,-0.12798357,0.4209304,0.9049448,0.062387682,-0.8903171,0.42533356,-0.16256218,-0.1736454,0.0128825605,0.98472375,-0.1496823,0.07985356,0.6840701,-0.4743929,-1.0105704,9.136884,0.15707721,0.1407121,-0.12798357,0.2535861,0.23534133,-0.12798357,0.36293513,0.33979723,-0.12798357,0.48186636,0.44867367,-0.12798357
0.17825206,0.1571721,-0.1401583,0.26718226,0.96168494,0.061445817,-0.94479024,0.27397338,-0.17974976,-0.18969716,-0.010027446,0.9817913,-0.18541595,0.08357003,0.7306568,-0.415354,-0.9628708,9.795799,0.17825206,0.1571721,-0.1401583,0.27765682,0.25424272,-0.1401583,0.3891434,0.3599902,-0.1401583,0.5096973,0.46916303,-0.1401583
0.20073152,0.1742462,-0.15309823,0.095546044,0.99373686,0.057945743,-0.9751768,0.10512521,-0.19488081,-0.19975184,-0.03788721,0.97911334,-0.2254292,0.08208219,0.77648854,-0.37540072,-0.86899215,10.450997,0.20073152,0.1742462,-0.15309823,0.30285475,0.27351117,-0.15309823,0.41636,0.38034132,-0.15309823,0.538454,0.48962408,-0.15309823
0.22454253,0.19198751,-0.16679037,-0.089611396,0.99463207,0.051738143,-0.97533923,-0.07711598,-0.20680073,-0.2017008,-0.068993926,0.97701406,-0.26856783,0.07442845,0.8214946,-0.37569994,-0.7257881,11.101553,0.22454253,0.19198751,-0.16679037,0.32922083,0.2932092,-0.16679037,0.4446347,0.40091866,-0.16679037,0.56819177,0.51012856,-0.16679037
0.24966195,0.2104514,-0.18122339,-0.28182888,0.958512,0.04274378,-0.93968266,-0.26674446,-0.21411157,-0.19382685,-0.100508414,0.9758735,-0.31280923,0.060144182,0.8658565,-0.44869825,-0.5372412,11.746539,0.24966195,0.2104514,-0.18122339,0.35674506,0.31340095,-0.18122339,0.47396517,0.421791,-0.18122339,0.5989134,0.53074867,-0.18122339
0.27603942,0.2297032,-0.19639158,-0.47253478,0.8807561,0.03129851,-0.8636462,-0.45569584,-0.2155375,-0.17557338,-0.1288798,0.9759937,-0.35561028,0.039428998,0.90997493,-0.6058325,-0.3372651,12.385931,0.27603942,0.2297032,-0.19639158,0.38538843,0.3341591,-0.19639158,0.50431967,0.44303554,-0.19639158,0.6305917,0.55156475,-0.19639158
0.3035815,0.24977952,-0.21229684,-0.6511346,0.75874597,0.018115006,-0.74439865,-0.63380486,-0.21014757,-0.14796725,-0.15031914,0.97750175,-0.3944631,0.013075154,0.9542985,-0.8439457,-0.17112353,13.016855,0.3035815,0.24977952,-0.21229684,0.4150681,0.355527,-0.21229684,0.535622,0.46469983,-0.21229684,0.66315466,0.57262725,-0.21229684
0.33213636,0.27071118,-0.22894824,-0.80536026,0.5927722,0.003983699,-0.58178085,-0.7891024,-0.1970999,-0.1136918,-0.16105407,0.9803753,-0.42727807,-0.017663937,0.9991464,-1.1668841,-0.07646426,13.633177,0.33213636,0.27071118,-0.22894824,0.4456416,0.37754133,-0.22894824,0.5677356,0.4868241,-0.22894824,0.6964699,0.5939798,-0.22894824
0.36156946,0.2925073,-0.24635863,-0.9220876,0.38684794,-0.01015424,-0.37920192,-0.90847516,-0.17572355,-0.07720317,-0.158182,0.9843871,-0.4525379,-0.050997674,1.0446615,-1.557243,-0.09432254,14.2309265,0.36156946,0.2925073,-0.24635863,0.47698334,0.40021676,-0.24635863,0.6005404,0.50942665,-0.24635863,0.7304209,0.6156434,-0.24635863
0.3917182,0.3151023,-0.26454127,-0.9885309,0.14923654,-0.023134325,-0.14433424,-0.97869503,-0.146026,-0.044433866,-0.14101212,0.98901,-0.46962735,-0.08440438,1.0909102,-1.9516175,-0.26340234,14.811866,0.3917182,0.3151023,-0.26454127,0.5089383,0.42349234,-0.26454127,0.6338865,0.53245,-0.26454127,0.76486105,0.6375635,-0.26454127
0.42242151,0.33842394,-0.2835102,-0.99364424,-0.10739471,-0.03372688,0.110464305,-0.98792326,-0.10865203,-0.021650916,-0.11168709,0.9935075,-0.4792827,-0.11482622,1.1379979,-2.2779515,-0.5896098,15.384427,0.42242151,0.33842394,-0.2835102,0.54135275,0.44730037,-0.2835102,0.6676248,0.5558296,-0.2835102,0.79964435,0.6596785,-0.2835102
0.45357364,0.36231717,-0.30327988,-0.92961925,-0.36627784,-0.04060335,0.36825737,-0.927468,-0.064727515,-0.013950046,-0.07512443,0.99707615,-0.48384953,-0.1392806,1.1860275,-2.476506,-1.0364313,15.961109,0.45357364,0.36231717,-0.30327988,0.57412755,0.47149,-0.30327988,0.7016602,0.5794174,-0.30327988,0.83467877,0.68184346,-0.30327988
0.48515424,0.3866203,-0.32386422,-0.7933824,-0.60723823,-0.04249628,0.6082588,-0.7935698,-0.016374275,-0.02378068,-0.0388398,0.99896216,-0.4870421,-0.15574232,1.2349364,-2.4802907,-1.5323813,16.554348,0.48515424,0.3866203,-0.32386422,0.60724825,0.49590307,-0.32386422,0.73598254,0.60305876,-0.32386422,0.86995673,0.7039064,-0.32386422
0.5171673,0.41116494,-0.3452716,-0.5880803,-0.80787796,-0.038661636,0.80728596,-0.5892325,0.03308103,-0.049506128,-0.011756702,0.9987042,-0.49317047,-0.16417252,1.2843482,-2.2455804,-1.9695201,17.17466,0.5171673,0.41116494,-0.3452716,0.6407244,0.52037483,-0.3452716,0.7706049,0.62659156,-0.3452716,0.9054937,0.72570837,-0.3452716
0.5497098,0.43580619,-0.36750114,-0.32437775,-0.94548583,-0.028902842,0.9421259,-0.32565987,0.07964987,-0.08472033,-0.0013934821,0.99640346,-0.5058721,-0.16692875,1.3336271,-1.817892,-2.2195215,17.825857,0.5497098,0.43580619,-0.36750114,0.674658,0.54476386,-0.36750114,0.80563253,0.64987737,-0.36750114,0.9413972,0.74711376,-0.36750114
0.5828948,0.46049923,-0.39054096,-0.021242093,-0.9996822,-0.01356931,0.9926311,-0.022707911,0.11902832,-0.11929864,-0.010940932,0.9927979,-0.52679306,-0.16810463,1.3821748,-1.3262359,-2.183681,18.50078,0.5828948,0.46049923,-0.39054096,0.7091668,0.56902844,-0.39054096,0.8411864,0.6728774,-0.39054096,0.9777904,0.76808697,-0.39054096
0.6168598,0.48523054,-0.41437423,0.2942542,-0.95570916,0.0058676973,0.9451029,0.29189056,0.14690292,-0.14210919,-0.037681244,0.9891334,-0.55499303,-0.17220864,1.4297663,-0.9255693,-1.8397607,19.185759,0.6168598,0.48523054,-0.41437423,0.74439245,0.59315795,-0.41437423,0.877411,0.695584,-0.41437423,1.0148201,0.78862363,-0.41437423
0.65163606,0.5100785,-0.43898642,0.5885486,-0.80801547,0.026854753,0.7954036,0.584669,0.15967141,-0.14471813,-0.072614044,0.98680466,-0.58720165,-0.18296154,1.4766053,-0.7812212,-1.2656318,19.861507,0.65163606,0.5100785,-0.43898642,0.78037035,0.6172342,-0.43898642,0.91434455,0.71808183,-0.43898642,1.0525259,0.8088114,-0.43898642
0.68721795,0.535153,-0.4643718,0.82481897,-0.56348693,0.046432287,0.55133677,0.8197914,0.15482114,-0.12530449,-0.102099605,0.9868507,-0.6184979,-0.20212148,1.5231286,-1.030108,-0.64631516,20.50442,0.68721795,0.535153,-0.4643718,0.81709844,0.6413697,-0.4643718,0.9519872,0.7404865,-0.4643718,1.09091,0.8287693,-0.4643718
0.72347087,0.5605567,-0.49053347,0.96797454,-0.24343364,0.061359048,0.23394649,0.9633436,0.13129266,-0.091070905,-0.11273324,0.98944277,-0.6435405,-0.22826551,1.5698526,-1.671146,-0.23657279,21.099676,0.72347087,0.5605567,-0.49053347,0.8544454,0.6656702,-0.49053347,0.99021006,0.7629066,-0.49053347,1.129845,0.84860927,-0.49053347
0.760238,0.58627087,-0.5174837,0.9908107,0.11666686,0.06842984,-0.12261035,0.9883411,0.090267494,-0.057100814,-0.097828224,0.99356365,-0.6585533,-0.25642464,1.6172787,-2.509804,-0.2659707,21.651087,0.760238,0.58627087,-0.5174837,0.8922576,0.6901198,-0.5174837,1.0288615,0.7853294,-0.5174837,1.1691811,0.8683221,-0.5174837
0.8346611,0.6381311,-0.57381845,0.6412918,0.7655757,0.051365048,-0.7653801,0.6429836,-0.027658684,-0.054201715,-0.0215765,0.9982966,-0.6641191,-0.29143924,1.7152469,-3.4881086,-1.7404292,22.73942,0.8346611,0.6381311,-0.57381845,0.9686353,0.73897874,-0.57381845,1.1068166,0.82970834,-0.57381845,1.2484274,0.90690553,-0.57381845
0.87225133,0.66383064,-0.6032282,0.30047816,0.9534002,0.027212467,-0.94907063,0.3017044,-0.090768844,-0.09474918,0.0014475174,0.9954998,-0.66890216,-0.29059705,1.7652136,-3.1129642,-2.64451,23.361341,0.87225133,0.66383064,-0.6032282,1.0071402,0.76294744,-0.6032282,1.1460629,0.85123026,-0.6032282,1.2882829,0.9253493,-0.6032282
0.9103078,0.6891001,-0.63346004,-0.096487924,0.9953272,-0.0037137568,-0.98481816,-0.096008785,-0.14462157,-0.14430234,-0.010296851,0.98947996,-0.6865354,-0.2819749,1.814465,-2.198743,-3.0618489,24.071913,0.9103078,0.6891001,-0.63346004,1.0460725,0.7863365,-0.63346004,1.1857074,0.87203914,-0.63346004,1.3285143,0.94296503,-0.63346004
0.94908893,0.7139464,-0.66448617,-0.4879826,0.8721076,-0.036070332,-0.85517526,-0.48596588,-0.18031147,-0.17477998,-0.05714238,0.9829475,-0.7200139,-0.27582854,1.8618383,-1.2111709,-2.6768398,24.848295,0.94908893,0.7139464,-0.66448617,1.0856929,0.809156,-0.66448617,1.2260125,0.8921487,-0.66448617,1.3693846,0.9597701,-0.66448617
0.9887544,0.73855275,-0.69627094,-0.8039859,0.59128,-0.06320301,-0.57180715,-0.79789954,-0.19076897,-0.16322754,-0.117235616,0.9795978,-0.76409024,-0.28261834,1.9070522,-0.7948389,-1.5809752,25.620518,0.9887544,0.73855275,-0.69627094,1.1261635,0.8315924,-0.69627094,1.267141,0.91174865,-0.69627094,1.4110582,0.9759584,-0.69627094
1.0293043,0.76314104,-0.72879326,-0.97823596,0.19244906,-0.07757414,-0.17695087,-0.9689867,-0.17249121,-0.10836408,-0.1550103,0.98195136,-0.80712104,-0.3067551,1.9510913,-1.3693415,-0.34971341,26.30858,1.0293043,0.76314104,-0.72879326,1.1674856,0.85387063,-0.72879326,1.3090963,0.9310678,-0.72879326,1.4535389,0.9917627,-0.72879326
1.0705252,0.78791845,-0.7620611,-0.9645441,-0.25366038,-0.07287717,0.26123524,-0.9569046,-0.12684523,-0.037560884,-0.1413859,0.98924154,-0.8368913,-0.34307677,1.9958017,-2.8040628,0.19680332,26.86596,1.0705252,0.78791845,-0.7620611,1.2094479,0.8762013,-0.7620611,1.3516679,0.9503203,-0.7620611,1.4966176,1.0074015,-0.7620611
0.0011888918,0.0015932495,-0.04261017,0.9999345,0.010572658,0.0043203393,-0.010564639,0.9999421,-0.0018744575,-0.0043399082,0.0018286923,0.9999886,-0.0079169525,-0.03172632,0.047084402,-0.11028626,-0.25909138,0.6313881,0.0011888918,0.0015932495,-0.04261017,0.03321133,0.03360965,-0.04261017,0.09781547,0.098064505,-0.04261017,0.18440461,0.18376769,-0.04261017
0.0044090915,0.005202537,-0.044219375,0.99944735,0.03179565,0.009683927,-0.03174431,0.99948126,-0.005410052,-0.00985092,0.0050996533,0.9999383,-0.009965636,-0.03213589,0.0965663,-0.20484942,-0.32556444,1.2696202,0.0044090915,0.005202537,-0.044219375,0.04409952,0.044878952,-0.044219375,0.11377764,0.11432754,-0.044219375,0.20389739,0.20328665,-0.044219375
0.00950226,0.0106084,-0.046653032,0.9978495,0.063570745,0.015955336,-0.06340634,0.9979312,-0.010607101,-0.016596634,0.009572623,0.9998162,-0.013228447,-0.030879792,0.14602101,-0.2934912,-0.39065602,1.9045494,0.00950226,0.0106084,-0.046653032,0.056219712,0.057297118,-0.046653032,0.1305998,0.13133919,-0.046653032,0.22401956,0.22326878,-0.046653032
0.01632367,0.017635297,-0.049910545,0.99411356,0.10585674,0.023070248,-0.10546743,0.9942688,-0.017488101,-0.024789264,0.014952002,0.9995807,-0.01712501,-0.028169699,0.19543049,-0.37564245,-0.4608007,2.541437,0.01632367,0.017635297,-0.049910545,0.069496796,0.07075492,-0.049910545,0.14824237,0.14902051,-0.049910545,0.24475129,0.24364974,-0.049910545
0.024762083,0.026110286,-0.053990483,0.98685724,0.15858209,0.031052347,-0.1578039,0.98712534,-0.026100336,-0.034791607,0.020857127,0.9991768,-0.021644555,-0.024523837,0.24480128,-0.44964004,-0.543841,3.1835656,0.024762083,0.026110286,-0.053990483,0.083879896,0.08513589,-0.053990483,0.1666859,0.16728105,-0.053990483,0.26609066,0.26435167,-0.053990483
0.034691434,0.03589847,-0.05889249,0.9743502,0.22148225,0.03983362,-0.22008827,0.97479415,-0.036565468,-0.04692819,0.02686067,0.99853677,-0.027531195,-0.020304192,0.29414737,-0.51731366,-0.63756764,3.8300967,0.034691434,0.03589847,-0.05889249,0.09929557,0.10035332,-0.05889249,0.18588471,0.18605651,-0.05889249,0.28800794,0.28532147,-0.05889249
0.046037387,0.046885483,-0.06461537,0.9545652,0.29392445,0.049128056,-0.29161894,0.95527613,-0.049049377,-0.06134767,0.032494158,0.9975873,-0.036007185,-0.015464975,0.34344065,-0.5813055,-0.7331811,4.4770966,0.046037387,0.046885483,-0.06461537,0.1157155,0.11633407,-0.06461537,0.20583525,0.20529318,-0.06461537,0.31051356,0.30651486,-0.06461537
0.05875267,0.05892981,-0.07115698,0.9252512,0.37480488,0.058576353,-0.3712282,0.92636096,-0.06359733,-0.07809945,0.037098322,0.9962549,-0.048240904,-0.009642871,0.3925678,-0.6349601,-0.82836235,5.121048,0.05875267,0.05892981,-0.07115698,0.13313276,0.13297188,-0.07115698,0.22655252,0.22490147,-0.07115698,0.33363563,0.32785103,-0.07115698
0.07283084,0.07194511,-0.07851219,0.88402945,0.4624858,0.06781557,-0.4572348,0.8857339,-0.08007463,-0.09709993,0.03978069,0.99447936,-0.064929,-0.0024915715,0.44135666,-0.668552,-0.921424,5.7615604,0.07283084,0.07194511,-0.07851219,0.15157641,0.1502107,-0.07851219,0.24808533,0.24483992,-0.07851219,0.35743433,0.34929582,-0.07851219
0.08825917,0.08582254,-0.08667338,0.82849896,0.5547622,0.07634024,-0.5474275,0.83106524,-0.09825101,-0.117949694,0.03961014,0.992229,-0.086172454,0.0059229117,0.4896567,-0.68258935,-1.0021093,6.4010587,0.08825917,0.08582254,-0.08667338,0.17106517,0.16796769,-0.08667338,0.27046993,0.2650383,-0.08667338,0.38195652,0.3707858,-0.08667338
0.10507102,0.100460134,-0.095631,0.75635034,0.6487997,0.083625294,-0.6390117,0.76012325,-0.11779992,-0.13999408,0.035660475,0.98951,-0.11167147,0.0150236115,0.53740954,-0.67796993,-1.0658759,7.044232,0.10507102,0.100460134,-0.095631,0.19166017,0.18616332,-0.095631,0.2937834,0.2854283,-0.095631,0.40728864,0.39225844,-0.095631
0.12323809,0.1157695,-0.105374336,0.66483724,0.74164003,0.089223325,-0.72911733,0.6702567,-0.13835917,-0.1624153,0.026932087,0.9863545,-0.14120978,0.025049025,0.58459634,-0.6627629,-1.1131353,7.7886634,0.12323809,0.1157695,-0.105374336,0.21335784,0.2047286,-0.105374336,0.31803614,0.30595028,-0.105374336,0.43345,0.41365975,-0.105374336
0.14277631,0.13175118,-0.11589491,0.5523913,0.82840544,0.09278059,-0.8130283,0.5599871,-0.15937206,-0.18398061,0.012602508,0.982849,-0.17471547,0.032138653,0.63132495,-0.61429316,-1.1424856,8.448522,0.14277631,0.13175118,-0.11589491,0.23619607,0.22368076,-0.11589491,0.34327918,0.32663032,-0.11589491,0.4604993,0.43502036,-0.11589491
0.16368426,0.14835675,-0.12718391,0.41888905,0.90318185,0.09377572,-0.8850736,0.42919093,-0.18010868,-0.20291865,-0.0075528175,0.97916603,-0.21243787,0.036052525,0.67750764,-0.5663872,-1.132438,9.110639,0.16368426,0.14835675,-0.12718391,0.26019317,0.24298598,-0.12718391,0.36954218,0.34744188,-0.12718391,0.48847342,0.45631832,-0.12718391
0.2097342,0.18357696,-0.1520201,0.09371071,0.991895,0.0858049,-0.96992713,0.110399924,-0.21691743,-0.22463217,-0.062897004,0.9724116,-0.30044308,0.028874604,0.7674746,-0.53227377,-0.9739789,10.424799,0.2097342,0.18357696,-0.1520201,0.31185743,0.28284192,-0.1520201,0.42536268,0.38967207,-0.1520201,0.5474567,0.49895483,-0.1520201
0.23488036,0.20229483,-0.16553819,-0.0911127,0.9929133,0.07629903,-0.970432,-0.071330056,-0.23059425,-0.2235177,-0.09505308,0.9700539,-0.34892765,0.0157968,0.81102574,-0.57412213,-0.83179796,11.073599,0.23488036,0.20229483,-0.16553819,0.33955866,0.3035165,-0.16553819,0.45497254,0.41122597,-0.16553819,0.5785296,0.52043587,-0.16553819
0.26142648,0.22182682,-0.17977178,-0.28284198,0.95709634,0.06298266,-0.9353552,-0.26068488,-0.23906863,-0.21239312,-0.12652978,0.96895754,-0.39782587,-0.004148526,0.8538704,-0.6917814,-0.65245193,11.715166,0.26142648,0.22182682,-0.17977178,0.3685096,0.32477638,-0.17977178,0.4857297,0.4331664,-0.17977178,0.6106779,0.5421241,-0.17977178
0.28927642,0.2422383,-0.19471538,-0.47295368,0.879872,0.046262026,-0.8601087,-0.44966644,-0.24085942,-0.19112298,-0.15370572,0.96945685,-0.44454905,-0.030527804,0.8965027,-0.8939615,-0.4729616,12.348609,0.28927642,0.2422383,-0.19471538,0.39862543,0.3466942,-0.19471538,0.51755667,0.45557064,-0.19471538,0.6438287,0.56409985,-0.19471538
0.31833676,0.2635811,-0.21037328,-0.65094525,0.75864524,0.02697488,-0.7418074,-0.6281474,-0.23484601,-0.16122061,-0.17288207,0.9716582,-0.48663098,-0.062278938,0.9394498,-1.1733884,-0.34075132,12.970397,0.31833676,0.2635811,-0.21037328,0.42982334,0.3693286,-0.21037328,0.55037725,0.4785014,-0.21037328,0.6779099,0.5864288,-0.21037328
0.34848616,0.28585553,-0.22675693,-0.80466664,0.5936951,0.006141998,-0.5802464,-0.7841629,-0.22000617,-0.12580028,-0.18059549,0.9754789,-0.5221392,-0.09790905,0.9830807,-1.527691,-0.29078463,13.57488,0.34848616,0.28585553,-0.22675693,0.4619914,0.39268568,-0.22675693,0.5840854,0.50196844,-0.22675693,0.7128197,0.6091241,-0.22675693
0.37952906,0.30904782,-0.2438823,-0.9211364,0.38895234,-0.014960296,-0.3787895,-0.9045894,-0.19554168,-0.08958933,-0.17445374,0.9805809,-0.54981846,-0.13542484,1.0275719,-1.9340729,-0.3590951,14.158802,0.37952906,0.30904782,-0.2438823,0.49494293,0.4167573,-0.2438823,0.6185,0.5259672,-0.2438823,0.7483805,0.6321839,-0.2438823
0.41133338,0.3331153,-0.2617669,-0.9876863,0.15253232,-0.03478071,-0.14506821,-0.97616374,-0.16142973,-0.058574922,-0.15439636,0.98627126,-0.56938106,-0.17223902,1.0730199,-2.3266282,-0.5795615,14.725067,0.41133338,0.3331153,-0.2617669,0.5285535,0.44150534,-0.2617669,0.6535017,0.550463,-0.2617669,0.7844762,0.6555765,-0.2617669
0.44373804,0.35793993,-0.2804284,-0.9933288,-0.10310393,-0.051646676,0.10860408,-0.9870086,-0.11840249,-0.038767952,-0.12322164,0.9916213,-0.58192563,-0.2053878,1.1195353,-2.633124,-0.9502889,15.28438,0.44373804,0.35793993,-0.2804284,0.5626693,0.46681637,-0.2804284,0.6889413,0.5753456,-0.2804284,0.8209609,0.6791945,-0.2804284
0.47667545,0.38338956,-0.29988408,-0.93022364,-0.36141944,-0.06371789,0.3653546,-0.928394,-0.067827374,-0.034641173,-0.08637425,0.99566036,-0.5900911,-0.2321163,1.1671846,-2.7973576,-1.4241343,15.851634,0.47667545,0.38338956,-0.29988408,0.59722936,0.49256238,-0.29988408,0.724762,0.6004898,-0.29988408,0.8577806,0.70291585,-0.29988408
0.51008713,0.409272,-0.32014966,-0.7951683,-0.60242516,-0.06921894,0.60450464,-0.79650766,-0.01223203,-0.047764532,-0.0515697,0.99752635,-0.59773576,-0.2507858,1.2158082,-2.7617102,-1.922897,16.441433,0.51008713,0.409272,-0.32014966,0.6321811,0.51855475,-0.32014966,0.7609154,0.6257104,-0.32014966,0.8948896,0.7265581,-0.32014966
0.5440304,0.43545693,-0.34123325,-0.5911039,-0.80381024,-0.066971034,0.80304575,-0.5942515,0.044526577,-0.075588554,-0.027460985,0.9967605,-0.609123,-0.26177332,1.2648942,-2.496122,-2.3388398,17.065739,0.5440304,0.43545693,-0.34123325,0.6675875,0.5446668,-0.34123325,0.797468,0.65088356,-0.34123325,0.9323568,0.75000036,-0.34123325
0.5785947,0.46177664,-0.36313093,-0.32847172,-0.942826,-0.05643925,0.93796986,-0.3326349,0.09780832,-0.11098988,-0.020811062,0.9936034,-0.62759256,-0.26779854,1.313681,-2.0596995,-2.5482025,17.727566,0.5785947,0.46177664,-0.36313093,0.7035429,0.5707343,-0.36313093,0.8345174,0.6758478,-0.36313093,0.9702821,0.7730842,-0.36313093
0.6139159,0.48820156,-0.38582718,-0.026065057,-0.9989446,-0.03781952,0.9892934,-0.031210624,0.14256379,-0.1435937,-0.033698663,0.98906285,-0.65432733,-0.27315357,1.3615047,-1.5911351,-2.4636056,18.416801,0.6139159,0.48820156,-0.38582718,0.74018794,0.59673077,-0.38582718,0.8722075,0.7005797,-0.38582718,1.0088115,0.7957893,-0.38582718
0.65009344,0.51476395,-0.40930128,0.289152,-0.9571987,-0.012703389,0.94334894,0.28266215,0.17376553,-0.16273738,-0.062228415,0.9847048,-0.6878585,-0.28226843,1.4081632,-1.2472407,-2.082787,19.115175,0.65009344,0.51476395,-0.40930128,0.7776261,0.62269133,-0.40930128,0.91064465,0.7251174,-0.40930128,1.0480537,0.818157,-0.40930128
0.6871738,0.54154974,-0.43353653,0.5836883,-0.81182086,0.015945695,0.79582095,0.575862,0.18722005,-0.16117167,-0.0965883,0.98218817,-0.72448355,-0.29848638,1.4539442,-1.1834056,-1.5039599,19.798151,0.6871738,0.54154974,-0.43353653,0.8159081,0.6487054,-0.43353653,0.94988227,0.7495531,-0.43353653,1.0880636,0.8402827,-0.43353653
0.7251055,0.5686384,-0.45852613,0.82079786,-0.56948704,0.044439673,0.5541418,0.8127273,0.18000165,-0.13862596,-0.12311914,0.9826616,-0.75915414,-0.32297733,1.4993992,-1.5138972,-0.92183495,20.437677,0.7251055,0.5686384,-0.45852613,0.854986,0.6748551,-0.45852613,0.9898748,0.7739719,-0.45852613,1.1287975,0.86225474,-0.45852613
0.7637617,0.59612495,-0.48427582,0.96549404,-0.25124404,0.06853971,0.2389004,0.95923924,0.15095241,-0.10367188,-0.12936948,0.98616207,-0.7867856,-0.3537169,1.5451815,-2.2096112,-0.5870124,21.017967,0.7637617,0.59612495,-0.48427582,0.89473623,0.70123845,-0.48427582,1.0305009,0.79847485,-0.48427582,1.1701359,0.8841775,-0.48427582
0.80297023,0.6239982,-0.51080287,0.9906213,0.107813455,0.08393699,-0.116138466,0.9880241,0.10158747,-0.071979284,-0.11038304,0.9912791,-0.80421406,-0.38536155,1.5919197,-3.0534792,-0.710293,21.54683,0.80297023,0.6239982,-0.51080287,0.9349898,0.72784716,-0.51080287,1.0715938,0.82305676,-0.51080287,1.2119133,0.90604943,-0.51080287
0.8425446,0.6521103,-0.538129,0.88278794,0.46159148,0.08728253,-0.46587193,0.88410604,0.036322616,-0.06040082,-0.072727665,0.9955209,-0.81232417,-0.4109051,1.6400042,-3.717581,-1.3417281,22.0577,0.8425446,0.6521103,-0.538129,0.97556317,0.75453633,-0.538129,1.1129723,0.84757596,-0.538129,1.2539498,0.9277322,-0.538129
0.88242114,0.6802682,-0.5662743,0.6469107,0.7586987,0.0766968,-0.75850904,0.6505669,-0.03776702,-0.078550205,-0.03374332,0.99633867,-0.8169674,-0.42481795,1.6893432,-3.89653,-2.2881746,22.602997,0.88242114,0.6802682,-0.5662743,1.0163953,0.7811159,-0.5662743,1.1545767,0.8718455,-0.5662743,1.2961874,0.9490427,-0.5662743
0.9226511,0.70821846,-0.5952476,0.30834243,0.9498318,0.052387375,-0.94344527,0.31239167,-0.11100644,-0.12180284,-0.015196618,0.99243784,-0.8272017,-0.42636892,1.7391248,-3.4450238,-3.147574,23.232597,0.9226511,0.70821846,-0.5952476,1.0575399,0.80733526,-0.5952476,1.1964626,0.8956181,-0.5952476,1.3386827,0.9697371,-0.5952476
0.9634542,0.73581487,-0.6250355,-0.087763876,0.99598676,0.01754193,-0.9815013,-0.08345261,-0.17231022,-0.1701548,-0.03234002,0.98488635,-0.85097784,-0.42130867,1.7878846,-2.5128155,-3.470286,23.96787,0.9634542,0.73581487,-0.6250355,1.0992188,0.83305126,-0.6250355,1.2388538,0.9187539,-0.6250355,1.3816607,0.9896798,-0.6250355
1.0050582,0.7630797,-0.65560293,-0.4800339,0.8769726,-0.02205827,-0.85514504,-0.4733992,-0.21123493,-0.19568962,-0.082536906,0.9771864,-0.89024264,-0.42014334,1.8343112,-1.5939822,-2.9894812,24.774187,1.0050582,0.7630797,-0.65560293,1.1416621,0.8582893,-0.65560293,1.2819817,0.941282,-0.65560293,1.4253539,1.0089034,-0.65560293
1.047638,0.79018086,-0.6869081,-0.7982208,0.59950584,-0.058619354,-0.5755026,-0.78774166,-0.21968134,-0.17787716,-0.14161862,0.97380877,-0.93877053,-0.43278503,1.878224,-1.3168306,-1.858361,25.56356,1.047638,0.79018086,-0.6869081,1.1850471,0.8832205,-0.6869081,1.3260247,0.96337676,-0.6869081,1.4699419,1.0275865,-0.6869081
1.0911481,0.8173708,-0.7189287,-0.9757151,0.20274524,-0.08291149,-0.18375649,-0.9636472,-0.19395271,-0.11922042,-0.17400709,0.9775009,-0.98453736,-0.46246985,1.9209325,-2.0358524,-0.6958512,26.240553,1.0911481,0.8173708,-0.7189287,1.2293295,0.90810037,-0.7189287,1.3709402,0.98529756,-0.7189287,1.5153828,1.0459924,-0.7189287
0.0014864382,0.0017153198,-0.04256773,0.9999318,0.010362457,0.005314786,-0.010344843,0.9999405,-0.0033308312,-0.005348988,0.0032756247,0.9999799,-0.025205433,-0.038827065,0.0445441,-0.1970521,-0.3190138,0.6187027,0.0014864382,0.0017153198,-0.04256773,0.03350888,0.03373172,-0.04256773,0.098113015,0.098186575,-0.04256773,0.18470216,0.18388976,-0.04256773
0.0050041843,0.00541616,-0.044134736,0.99943924,0.03139072,0.011646787,-0.031294815,0.9994754,-0.008327042,-0.01190207,0.00795789,0.9998974,-0.027467841,-0.03891934,0.09403185,-0.2912028,-0.385322,1.2569869,0.0050041843,0.00541616,-0.044134736,0.044694614,0.045092575,-0.044134736,0.11437273,0.114541166,-0.044134736,0.20449248,0.20350027,-0.044134736
0.010394899,0.010928835,-0.046526074,0.99783623,0.0629889,0.018838836,-0.062710755,0.9979187,-0.01500858,-0.019745005,0.013794709,0.99970967,-0.031158872,-0.03704432,0.14347914,-0.38009292,-0.4499146,1.8919783,0.010394899,0.010928835,-0.046526074,0.05711235,0.057617553,-0.046526074,0.13149244,0.13165963,-0.046526074,0.2249122,0.22358921,-0.046526074
0.017536744,0.018039655,-0.04974091,0.99409795,0.10512097,0.026806941,-0.10450563,0.9942486,-0.02340997,-0.029113645,0.020470329,0.9993664,-0.03571056,-0.03342522,0.19286267,-0.46276093,-0.5193491,2.5290074,0.017536744,0.018039655,-0.04974091,0.07070987,0.07115928,-0.04974091,0.14945544,0.14942487,-0.04974091,0.24596436,0.2440541,-0.04974091
0.026295591,0.026583308,-0.053777456,0.9868427,0.15772314,0.035560917,-0.15655415,0.9870984,-0.033574674,-0.040397633,0.02756572,0.9988032,-0.041133862,-0.028596506,0.24218778,-0.5366886,-0.6018128,3.1714656,0.026295591,0.026583308,-0.053777456,0.085413404,0.085608914,-0.053777456,0.1682194,0.16775407,-0.053777456,0.26762417,0.2648247,-0.053777456
0.036568265,0.036424898,-0.05863452,0.9743404,0.22053318,0.045007646,-0.21852182,0.9747649,-0.04562251,-0.05393316,0.034616705,0.99794424,-0.04820105,-0.02293918,0.29146683,-0.6041632,-0.69457424,3.818544,0.036568265,0.036424898,-0.05863452,0.1011724,0.10087975,-0.05863452,0.18776155,0.18658294,-0.05863452,0.28988478,0.2858479,-0.05863452
0.04828806,0.04741954,-0.06431079,0.95456123,0.2929275,0.05482361,-0.28970903,0.95524967,-0.05971668,-0.06986292,0.04112035,0.9967084,-0.0581625,-0.016435863,0.34065944,-0.6681943,-0.7881286,4.466186,0.04828806,0.04741954,-0.06431079,0.117966175,0.11686813,-0.06431079,0.20808592,0.20582724,-0.06431079,0.31276423,0.30704892,-0.06431079
0.0614077,0.059456237,-0.070803046,0.9252558,0.37379968,0.06462045,-0.36894208,0.9263498,-0.075881235,-0.08822551,0.04636834,0.9950208,-0.07220772,-0.008752812,0.38962835,-0.7215189,-0.88061225,5.111069,0.0614077,0.059456237,-0.070803046,0.13578779,0.13349831,-0.070803046,0.22920755,0.2254279,-0.070803046,0.33629066,0.32837746,-0.070803046
0.07591312,0.07243339,-0.07810521,0.88403845,0.46151727,0.074012674,-0.45454735,0.88575405,-0.093949616,-0.108916394,0.049412806,0.99282205,-0.091051415,0.0004040742,0.43817183,-0.7540931,-0.9703147,5.752871,0.07591312,0.07243339,-0.07810521,0.15465869,0.15069897,-0.07810521,0.2511676,0.2453282,-0.07810521,0.3605166,0.3497841,-0.07810521
0.091837354,0.086226895,-0.08620751,0.828506,0.55387515,0.08246112,-0.54432374,0.8311399,-0.1136562,-0.13148808,0.04927931,0.9900919,-0.11481045,0.01091176,0.48611987,-0.7671233,-1.0461392,6.393979,0.091837354,0.086226895,-0.08620751,0.17464335,0.16837205,-0.08620751,0.27404812,0.26544267,-0.08620751,0.3855347,0.37119016,-0.08620751
0.10916038,0.10075005,-0.095098495,0.75634605,0.64803326,0.089404404,-0.6354908,0.76028067,-0.13462648,-0.15521489,0.045008548,0.9868547,-0.14319214,0.022111822,0.5334079,-0.7618705,-1.1029406,7.03906,0.10916038,0.10075005,-0.095098495,0.19574952,0.18645324,-0.095098495,0.29787275,0.2857182,-0.095098495,0.411378,0.39254835,-0.095098495
0.12789965,0.115929715,-0.104765534,0.66481197,0.74102634,0.09436339,-0.7251976,0.67053264,-0.15644108,-0.17920074,0.035571832,0.98316884,-0.175978,0.034209654,0.5800105,-0.7481914,-1.1404448,7.788828,0.12789965,0.115929715,-0.104765534,0.2180194,0.20488882,-0.104765534,0.3226977,0.3061105,-0.104765534,0.43811157,0.41381997,-0.104765534
0.14807111,0.13171303,-0.11519849,0.55228364,0.82799774,0.09696601,-0.8087854,0.56036943,-0.17847154,-0.20211084,0.02014222,0.97915536,-0.21307449,0.043178912,0.62607074,-0.7001831,-1.1588463,8.45145,0.14807111,0.13171303,-0.11519849,0.24149087,0.22364262,-0.11519849,0.34857398,0.32659218,-0.11519849,0.4657941,0.4349822,-0.11519849
0.16970386,0.14812024,-0.12638664,0.41867766,0.9029716,0.096700534,-0.8805691,0.42969736,-0.1998951,-0.2220516,-0.0014598668,0.97503364,-0.25470114,0.048726536,0.6714894,-0.65491444,-1.1347973,9.116063,0.16970386,0.14812024,-0.12638664,0.26621276,0.24274947,-0.12638664,0.37556177,0.34720537,-0.12638664,0.494493,0.4560818,-0.12638664
0.19278605,0.16513719,-0.13831818,0.2648507,0.9598004,0.09293704,-0.93475765,0.27921373,-0.21969946,-0.23681693,-0.028686047,0.9711307,-0.3009026,0.04935189,0.7160824,-0.63066715,-1.0596217,9.777194,0.19278605,0.16513719,-0.13831818,0.29219082,0.2622078,-0.13831818,0.4036774,0.3679553,-0.13831818,0.5242313,0.47712812,-0.13831818
0.21737123,0.1828598,-0.15097773,0.09329501,0.9919706,0.08538431,-0.96519655,0.11115345,-0.23672888,-0.24431884,-0.060327016,0.96781665,-0.3510988,0.04381245,0.75965273,-0.63593835,-0.9419666,10.432767,0.21737123,0.1828598,-0.15097773,0.31949446,0.28212476,-0.15097773,0.4329997,0.3889549,-0.15097773,0.5550937,0.49823767,-0.15097773
0.24344054,0.20131826,-0.16434896,-0.09158282,0.9930502,0.073917285,-0.9657854,-0.07049106,-0.24957868,-0.24263369,-0.09424534,0.9655291,-0.40384063,0.031267073,0.80220234,-0.69185627,-0.7816353,11.080879,0.24344054,0.20131826,-0.16434896,0.34811884,0.30253994,-0.16434896,0.46353272,0.4102494,-0.16434896,0.5870898,0.5194593,-0.16434896
0.2709556,0.22059086,-0.17841911,-0.28330004,0.9572413,0.058565617,-0.93095005,-0.2598221,-0.25656235,-0.23037547,-0.12720577,0.9647514,-0.45686594,0.011464807,0.8440457,-0.8292034,-0.58485675,11.719626,0.2709556,0.22059086,-0.17841911,0.3780387,0.32354042,-0.17841911,0.4952588,0.43193045,-0.17841911,0.620207,0.54088813,-0.17841911
0.29985076,0.24075057,-0.19318366,-0.47331795,0.87998927,0.03986092,-0.8560995,-0.4488655,-0.25615114,-0.20751807,-0.15536585,0.9658145,-0.5074568,-0.015107903,0.8857465,-1.0563592,-0.39139622,12.347871,0.29985076,0.24075057,-0.19318366,0.40919977,0.34520647,-0.19318366,0.528131,0.4540829,-0.19318366,0.65440303,0.5626121,-0.19318366
0.330025,0.26183397,-0.20864904,-0.6511336,0.7587306,0.018786415,-0.7383252,-0.62750065,-0.24722233,-0.17578666,-0.17484528,0.9687768,-0.55305195,-0.047286514,0.92789453,-1.364577,-0.25177085,12.96224,0.330025,0.26183397,-0.20864904,0.44151157,0.36758146,-0.20864904,0.5620655,0.47675428,-0.20864904,0.68959814,0.5846817,-0.20864904
0.36132643,0.2838719,-0.22482991,-0.80462116,0.5937783,-0.0034824014,-0.57739145,-0.78375727,-0.22878727,-0.13857828,-0.18207636,0.9734702,-0.59165215,-0.08341296,0.9709006,-1.7494966,-0.20237078,13.55741,0.36132643,0.2838719,-0.22482991,0.47483167,0.39070204,-0.22482991,0.5969257,0.4999848,-0.22482991,0.72565997,0.6071405,-0.22482991
0.39359003,0.3068353,-0.24174523,-0.92084557,0.38909224,-0.025507469,-0.3766351,-0.90448403,-0.20013626,-0.10094258,-0.17468758,0.9794358,-0.6220056,-0.121322535,1.0149597,-2.1849954,-0.2798644,14.130912,0.39359003,0.3068353,-0.24174523,0.5090039,0.41454476,-0.24174523,0.63256097,0.52375466,-0.24174523,0.76244146,0.6299714,-0.24174523
0.42663032,0.33066627,-0.25941563,-0.9872058,0.15279204,-0.045598686,-0.14365944,-0.9763734,-0.1614218,-0.06918531,-0.15280586,0.9858315,-0.6439092,-0.15824248,1.0601629,-2.6006262,-0.5184402,14.687304,0.42663032,0.33066627,-0.25941563,0.5438504,0.4390563,-0.25941563,0.6687986,0.548014,-0.25941563,0.79977316,0.6531275,-0.25941563
0.46032435,0.35525438,-0.27786148,-0.9927805,-0.102686636,-0.061986417,0.10923498,-0.9875003,-0.11362607,-0.049543723,-0.119576834,0.9915879,-0.65860957,-0.19106768,1.1065949,-2.9203167,-0.91379255,15.239101,0.46032435,0.35525438,-0.27786148,0.5792556,0.46413082,-0.27786148,0.7055276,0.57266,-0.27786148,0.8375472,0.67650896,-0.27786148
0.49456638,0.38044462,-0.29710174,-0.9297744,-0.36086562,-0.07276997,0.3651779,-0.9291021,-0.058431566,-0.0465248,-0.08090216,0.9956356,-0.6689707,-0.21698572,1.1542586,-3.0855355,-1.4130517,15.803034,0.49456638,0.38044462,-0.29710174,0.6151203,0.48961744,-0.29710174,0.74265295,0.59754485,-0.29710174,0.8756715,0.6999709,-0.29710174
0.5293437,0.40606,-0.31715202,-0.79498476,-0.60182714,-0.076179855,0.60350394,-0.79735905,0.001258757,-0.061500248,-0.04497415,0.99709326,-0.6790829,-0.23440443,1.2029016,-3.0384147,-1.9316413,16.394854,0.5293437,0.40606,-0.31715202,0.6514377,0.5153428,-0.31715202,0.780172,0.62249845,-0.31715202,0.9141462,0.7233461,-0.31715202
0.56469846,0.43193215,-0.33801925,-0.5912968,-0.80331016,-0.07113962,0.801247,-0.59519684,0.061188027,-0.09149504,-0.020820126,0.9955877,-0.6933817,-0.24386577,1.251905,-2.751684,-2.3558652,17.02663,0.56469846,0.43193215,-0.33801925,0.68825555,0.54114205,-0.33801925,0.81813604,0.6473588,-0.33801925,0.9530248,0.7464756,-0.33801925
0.6007123,0.45793143,-0.35969627,-0.32906404,-0.9425675,-0.057298224,0.93548495,-0.33366394,0.11634445,-0.12878086,-0.0153168775,0.99155444,-0.7152912,-0.24835436,1.300418,-2.2918718,-2.5565028,17.699955,0.6007123,0.45793143,-0.35969627,0.7256605,0.5668891,-0.35969627,0.85663503,0.6720026,-0.35969627,0.9923997,0.769239,-0.35969627
0.6375594,0.48401302,-0.3821633,-0.026995005,-0.9990184,-0.03511946,0.986363,-0.032326125,0.16137835,-0.16235523,-0.030284144,0.9862673,-0.74591845,-0.25245252,1.3477509,-1.807918,-2.4447079,18.40094,0.6375594,0.48401302,-0.3821633,0.76383144,0.59254223,-0.3821633,0.895851,0.69639117,-0.3821633,1.032455,0.79160076,-0.3821633
0.6753391,0.5102016,-0.40539718,0.28800014,-0.95760757,-0.0065705255,0.9403419,0.2814963,0.19109297,-0.18114254,-0.061213396,0.9815495,-0.7835795,-0.26082662,1.3937515,-1.4656585,-2.0241413,19.10743,0.6753391,0.5102016,-0.40539718,0.80287176,0.61812896,-0.40539718,0.9358903,0.720555,-0.40539718,1.0732994,0.81359464,-0.40539718
0.71408266,0.5366059,-0.42938006,0.5824376,-0.81249243,0.024940647,0.7931705,0.574766,0.20130637,-0.17789495,-0.09746626,0.97921044,-0.82425207,-0.2769007,1.4388167,-1.4257483,-1.4047219,19.791073,0.71408266,0.5366059,-0.42938006,0.84281695,0.6437616,-0.42938006,0.97679114,0.74460924,-0.42938006,1.1149725,0.83533883,-0.42938006
0.753731,0.56333596,-0.45410645,0.81955236,-0.57033056,0.05528405,0.55224437,0.8119104,0.18928024,-0.15283804,-0.124594815,0.9803652,-0.8625497,-0.3017315,1.4836273,-1.8016624,-0.7947652,20.421658,0.753731,0.56333596,-0.45410645,0.8836115,0.6695527,-0.45410645,1.0185003,0.7686695,-0.45410645,1.157423,0.8569523,-0.45410645
0.79416484,0.5904868,-0.4795854,0.96437514,-0.25220084,0.07984599,0.23800805,0.9589374,0.1542442,-0.115467824,-0.12974529,0.9848012,-0.8931767,-0.33295396,1.5289522,-2.5538166,-0.45759997,20.984749,0.79416484,0.5904868,-0.4795854,0.92513937,0.69560033,-0.4795854,1.060904,0.7928367,-0.4795854,1.200539,0.8785394,-0.4795854
0.83518916,0.6180244,-0.5058371,0.98982,0.10676562,0.09411017,-0.1159584,0.9883749,0.098326154,-0.0825183,-0.10823809,0.990694,-0.91297615,-0.36480334,1.5754771,-3.4462326,-0.6098161,21.493948,0.83518916,0.6180244,-0.5058371,0.96720874,0.72187334,-0.5058371,1.1038127,0.81708294,-0.5058371,1.2441323,0.9000756,-0.5058371
0.87660986,0.64579314,-0.53288746,0.8825768,0.46051794,0.09476702,-0.46468925,0.88506985,0.026733072,-0.07156439,-0.06763122,0.99514014,-0.923144,-0.38990337,1.6235512,-4.1315823,-1.2933602,21.99125,0.87660986,0.64579314,-0.53288746,1.0096284,0.7482192,-0.53288746,1.1470375,0.8412588,-0.53288746,1.288015,0.9214151,-0.53288746
0.9183632,0.67357725,-0.56075823,0.6475408,0.7577966,0.080216125,-0.7564394,0.65194666,-0.052578077,-0.09214015,-0.026632175,0.99538946,-0.9300054,-0.40261525,1.6729414,-4.294724,-2.2924201,22.536581,0.9183632,0.67357725,-0.56075823,1.0523374,0.7744249,-0.56075823,1.1905187,0.8651545,-0.56075823,1.3321295,0.9423517,-0.56075823
0.96053106,0.70113075,-0.5894561,0.30986077,0.94940305,0.05118552,-0.9406245,0.3139541,-0.12906687,-0.1386064,-0.008153588,0.9903139,-0.94310087,-0.40242937,1.722622,-3.7960453,-3.1776204,23.182322,0.96053106,0.70113075,-0.5894561,1.0954199,0.80024755,-0.5894561,1.2343426,0.8885304,-0.5894561,1.3765626,0.9626494,-0.5894561
1.0033255,0.7282999,-0.6189616,-0.08563971,0.9962587,0.011600152,-0.9781707,-0.08186089,-0.1910001,-0.1893359,-0.027704112,0.9815215,-0.9705777,-0.39565673,1.7709386,-2.8089378,-3.4802139,23.944921,1.0033255,0.7282999,-0.6189616,1.1390901,0.8255363,-0.6189616,1.278725,0.91123897,-0.6189616,1.4215319,0.98216486,-0.6189616
