err_x,err_y,err_z,rot_x_1,rot_x_2,rot_x_3,rot_y_1,rot_y_2,rot_y_3,rot_z_1,rot_z_2,rot_z_3,root_linvels_x,root_linvels_y,root_linvels_z,root_angvels_x,root_angvels_y,root_angvels_z,relative_pos0_x,relative_pos0_y,relative_pos0_z,relative_pos1_x,relative_pos1_y,relative_pos1_z,relative_pos2_x,relative_pos2_y,relative_pos2_z,relative_pos3_x,relative_pos3_y,relative_pos3_z
0.0,0.0,0.0,0.0,0.0,0.0,0.0,0.0,0.0,0.0,0.0,0.0,0.0,0.0,0.0,0.0,0.0,0.0,0.0,0.0,0.0,0.0,0.0,0.0,0.0,0.0,0.0,0.0,0.0,0.0
0.0010744509,0.0010897095,-0.042649984,0.99994105,0.010799138,0.0011757422,-0.010797197,0.9999403,-0.0016450387,-0.0011934371,0.001632247,0.99999785,-0.00023621356,-0.0015871802,0.04946928,-0.0975429,-0.071173444,0.64494663,0.0010744509,0.0010897095,-0.042649984,0.03309689,0.03310611,-0.042649984,0.09770103,0.097560965,-0.042649984,0.18429017,0.18326415,-0.042649984
0.004164951,0.004180198,-0.044299006,0.9994741,0.032236166,0.0034027263,-0.032219306,0.99946845,-0.00489887,-0.0035588397,0.0047866623,0.9999818,-0.0016136921,-0.0020515814,0.09895102,-0.19190474,-0.13749982,1.2833971,0.004164951,0.004180198,-0.044299006,0.04385538,0.043856613,-0.044299006,0.1135335,0.1133052,-0.044299006,0.20365325,0.20226431,-0.044299006
0.009090273,0.009090151,-0.04677272,0.99791473,0.06420877,0.0065606404,-0.06414343,0.9978931,-0.009726598,-0.0071713515,0.009285496,0.999931,-0.0035375764,-0.00088238076,0.14842457,-0.28014424,-0.20318481,1.9188083,0.009090273,0.009090151,-0.04677272,0.055807725,0.05577887,-0.04677272,0.13018781,0.12982094,-0.04677272,0.22360757,0.22175053,-0.04677272
0.015728578,0.015628766,-0.050070643,0.99423736,0.10667464,0.010598052,-0.106496915,0.9941823,-0.016118078,-0.012255788,0.014896538,0.9998138,-0.0054290947,0.0017423593,0.19786821,-0.3617247,-0.27436003,2.5562882,0.015728578,0.015628766,-0.050070643,0.0689017,0.06874839,-0.050070643,0.14764728,0.14701398,-0.050070643,0.2441562,0.2416432,-0.050070643
0.02392285,0.023607844,-0.054192185,0.98706615,0.15955713,0.015536622,-0.15916064,0.9869586,-0.024084343,-0.019176837,0.021300027,0.9995889,-0.007280323,0.005349914,0.24728268,-0.43484604,-0.35771966,3.199077,0.02392285,0.023607844,-0.054192185,0.08304066,0.08263345,-0.054192185,0.16584666,0.1647786,-0.054192185,0.26525143,0.26184922,-0.054192185
0.033554655,0.032907747,-0.05913675,0.9746791,0.22258748,0.02133716,-0.22181015,0.97450686,-0.033711813,-0.028297039,0.028125405,0.99920374,-0.0098361755,0.009634921,0.2966878,-0.5011541,-0.45246744,3.8464127,0.033554655,0.032907747,-0.05913675,0.09815879,0.0973626,-0.05913675,0.18474793,0.18306579,-0.05913675,0.28687117,0.28233075,-0.05913675
0.044542026,0.04338359,-0.06490362,0.95505124,0.29513654,0.027778102,-0.29375073,0.95481557,-0.045141913,-0.03984599,0.034953,0.99859434,-0.014325038,0.014707702,0.34608278,-0.56315315,-0.5513705,4.494348,0.044542026,0.04338359,-0.06490362,0.11422014,0.11283218,-0.06490362,0.20433989,0.20179129,-0.06490362,0.3090182,0.30301297,-0.06490362
0.056822434,0.054939635,-0.071492314,0.92593455,0.37609953,0.0345559,-0.37381035,0.9256646,-0.058400277,-0.053951498,0.041157488,0.99769485,-0.021947753,0.021014463,0.3953969,-0.6140223,-0.6510419,5.1391635,0.056822434,0.054939635,-0.071492314,0.13120252,0.12898171,-0.071492314,0.22462228,0.2209113,-0.071492314,0.3317054,0.32386085,-0.071492314
0.070374176,0.06743614,-0.07889974,0.88495123,0.4638429,0.04136242,-0.46029887,0.88472944,-0.073337786,-0.070611775,0.045861296,0.9964489,-0.033454027,0.028984938,0.44449252,-0.64376956,-0.74908453,5.780258,0.070374176,0.06743614,-0.07889974,0.14911975,0.14570172,-0.07889974,0.24562867,0.24033095,-0.07889974,0.35497767,0.34478685,-0.07889974
0.08519215,0.08075662,-0.087120414,0.8296956,0.5561667,0.047786623,-0.55098563,0.8296763,-0.08973153,-0.08955313,0.048120122,0.99481875,-0.04901096,0.038649987,0.49323264,-0.6523562,-0.8371637,6.420046,0.08519215,0.08075662,-0.087120414,0.16799815,0.16290177,-0.087120414,0.26740292,0.2599724,-0.087120414,0.3788895,0.36571988,-0.087120414
0.101263955,0.09482201,-0.0961467,0.75784254,0.650247,0.053413805,-0.6430526,0.7582702,-0.10728069,-0.11026105,0.04695401,0.9927926,-0.06840587,0.049523465,0.54155153,-0.6397213,-0.91104,7.0630703,0.101263955,0.09482201,-0.0961467,0.1878531,0.1805252,-0.0961467,0.28997633,0.27979016,-0.0961467,0.40348157,0.3866203,-0.0961467
0.118599415,0.10952865,-0.1059705,0.6666385,0.743128,0.0579112,-0.7335947,0.6678759,-0.12562007,-0.1320293,0.041259836,0.9903866,-0.09154941,0.062055368,0.58939683,-0.6110255,-0.96772933,7.8167753,0.118599415,0.10952865,-0.1059705,0.20871916,0.19848776,-0.1059705,0.31339747,0.29970944,-0.1059705,0.42881134,0.4074189,-0.1059705
0.13719922,0.12483132,-0.1165849,0.55434865,0.83004355,0.06103051,-0.8179643,0.5568881,-0.14425516,-0.15372528,0.030046906,0.98765635,-0.11849757,0.07219579,0.6369317,-0.54524314,-1.0086019,8.475634,0.13719922,0.12483132,-0.1165849,0.23061898,0.2167609,-0.1165849,0.3377021,0.31971046,-0.1165849,0.4549222,0.4281005,-0.1165849
0.15707721,0.1407121,-0.12798357,0.4209304,0.9049448,0.062387682,-0.8903171,0.42533356,-0.16256218,-0.1736454,0.0128825605,0.98472375,-0.1496823,0.07985356,0.6840701,-0.4743929,-1.0105704,9.136884,0.15707721,0.1407121,-0.12798357,0.2535861,0.23534133,-0.12798357,0.36293513,0.33979723,-0.12798357,0.48186636,0.44867367,-0.12798357
0.17825206,0.1571721,-0.1401583,0.26718226,0.96168494,0.061445817,-0.94479024,0.27397338,-0.17974976,-0.18969716,-0.010027446,0.9817913,-0.18541595,0.08357003,0.7306568,-0.415354,-0.9628708,9.795799,0.17825206,0.1571721,-0.1401583,0.27765682,0.25424272,-0.1401583,0.3891434,0.3599902,-0.1401583,0.5096973,0.46916303,-0.1401583
0.20073152,0.1742462,-0.15309823,0.095546044,0.99373686,0.057945743,-0.9751768,0.10512521,-0.19488081,-0.19975184,-0.03788721,0.97911334,-0.2254292,0.08208219,0.77648854,-0.37540072,-0.86899215,10.450997,0.20073152,0.1742462,-0.15309823,0.30285475,0.27351117,-0.15309823,0.41636,0.38034132,-0.15309823,0.538454,0.48962408,-0.15309823
0.22454253,0.19198751,-0.16679037,-0.089611396,0.99463207,0.051738143,-0.97533923,-0.07711598,-0.20680073,-0.2017008,-0.068993926,0.97701406,-0.26856783,0.07442845,0.8214946,-0.37569994,-0.7257881,11.101553,0.22454253,0.19198751,-0.16679037,0.32922083,0.2932092,-0.16679037,0.4446347,0.40091866,-0.16679037,0.56819177,0.51012856,-0.16679037
0.24966195,0.2104514,-0.18122339,-0.28182888,0.958512,0.04274378,-0.93968266,-0.26674446,-0.21411157,-0.19382685,-0.100508414,0.9758735,-0.31280923,0.060144182,0.8658565,-0.44869825,-0.5372412,11.746539,0.24966195,0.2104514,-0.18122339,0.35674506,0.31340095,-0.18122339,0.47396517,0.421791,-0.18122339,0.5989134,0.53074867,-0.18122339
0.27603942,0.2297032,-0.19639158,-0.47253478,0.8807561,0.03129851,-0.8636462,-0.45569584,-0.2155375,-0.17557338,-0.1288798,0.9759937,-0.35561028,0.039428998,0.90997493,-0.6058325,-0.3372651,12.385931,0.27603942,0.2297032,-0.19639158,0.38538843,0.3341591,-0.19639158,0.50431967,0.44303554,-0.19639158,0.6305917,0.55156475,-0.19639158
0.3035815,0.24977952,-0.21229684,-0.6511346,0.75874597,0.018115006,-0.74439865,-0.63380486,-0.21014757,-0.14796725,-0.15031914,0.97750175,-0.3944631,0.013075154,0.9542985,-0.8439457,-0.17112353,13.016855,0.3035815,0.24977952,-0.21229684,0.4150681,0.355527,-0.21229684,0.535622,0.46469983,-0.21229684,0.66315466,0.57262725,-0.21229684
0.33213636,0.27071118,-0.22894824,-0.80536026,0.5927722,0.003983699,-0.58178085,-0.7891024,-0.1970999,-0.1136918,-0.16105407,0.9803753,-0.42727807,-0.017663937,0.9991464,-1.1668841,-0.07646426,13.633177,0.33213636,0.27071118,-0.22894824,0.4456416,0.37754133,-0.22894824,0.5677356,0.4868241,-0.22894824,0.6964699,0.5939798,-0.22894824
0.36156946,0.2925073,-0.24635863,-0.9220876,0.38684794,-0.01015424,-0.37920192,-0.90847516,-0.17572355,-0.07720317,-0.158182,0.9843871,-0.4525379,-0.050997674,1.0446615,-1.557243,-0.09432254,14.2309265,0.36156946,0.2925073,-0.24635863,0.47698334,0.40021676,-0.24635863,0.6005404,0.50942665,-0.24635863,0.7304209,0.6156434,-0.24635863
0.0013262209,0.0016542847,-0.042592406,0.9999334,0.010478732,0.0048244395,-0.010466375,0.9999418,-0.002579609,-0.00485119,0.0025289431,0.999985,-0.0163077,-0.03537785,0.046030525,-0.15228492,-0.28946096,0.6257393,0.0013262209,0.0016542847,-0.042592406,0.03334866,0.033670686,-0.042592406,0.0979528,0.09812554,-0.042592406,0.18454194,0.18382873,-0.042592406
0.0046837498,0.0053093485,-0.044184327,0.99944276,0.031614516,0.010679329,-0.031542744,0.9994788,-0.006823182,-0.010889478,0.0064825267,0.9999194,-0.018464675,-0.035633765,0.09551526,-0.24667513,-0.35586002,1.2639889,0.0046837498,0.0053093485,-0.044184327,0.04437418,0.044985764,-0.044184327,0.114052296,0.114434354,-0.044184327,0.20417204,0.20339346,-0.044184327
0.0099371355,0.0107686175,-0.04660058,0.99784154,0.063310936,0.017418887,-0.063093886,0.997926,-0.012740625,-0.018189386,0.011614103,0.9997668,-0.021944303,-0.034078352,0.14496653,-0.3354423,-0.42071602,1.8989457,0.0099371355,0.0107686175,-0.04660058,0.056654587,0.057457335,-0.04660058,0.13103467,0.13149941,-0.04660058,0.22445443,0.223429,-0.04660058
0.016903505,0.01784892,-0.049840212,0.9941025,0.10553082,0.024969418,-0.10503613,0.99425995,-0.020360418,-0.026974745,0.01761765,0.99948084,-0.026172837,-0.030927895,0.19436383,-0.41782612,-0.4905192,2.5358956,0.016903505,0.01784892,-0.049840212,0.07007663,0.070968546,-0.049840212,0.1488222,0.14923413,-0.049840212,0.24533112,0.24386336,-0.049840212
0.025494505,0.026369685,-0.05390215,0.98684335,0.15820189,0.03334651,-0.15724052,0.98711264,-0.02972759,-0.037619732,0.024093054,0.99900144,-0.03114927,-0.026710974,0.24371329,-0.4917842,-0.5732486,3.1781723,0.025494505,0.026369685,-0.05390215,0.08461232,0.08539529,-0.05390215,0.16741832,0.16754045,-0.05390215,0.26682308,0.26461107,-0.05390215
0.035584074,0.036173128,-0.05878532,0.9743339,0.22106442,0.042471204,-0.21937984,0.97477907,-0.040963575,-0.050455634,0.030594878,0.99825746,-0.037631888,-0.021797232,0.29302827,-0.55933434,-0.66651076,3.8249536,0.035584074,0.036173128,-0.05878532,0.10018821,0.10062798,-0.05878532,0.18677735,0.18633117,-0.05878532,0.28890058,0.28559613,-0.05878532
0.04711313,0.04716777,-0.06448853,0.954545,0.29348806,0.05203811,-0.2907513,0.95526004,-0.054233246,-0.065626755,0.03663794,0.99717104,-0.046855934,-0.01615705,0.3422745,-0.62335324,-0.76109004,4.472246,0.04711313,0.04716777,-0.06448853,0.11679125,0.11661636,-0.06448853,0.206911,0.20557547,-0.06448853,0.3115893,0.30679715,-0.06448853
0.06003441,0.059219725,-0.07100928,0.9252263,0.37436956,0.06167446,-0.3701861,0.9263487,-0.069572285,-0.083177805,0.041539077,0.9956686,-0.06000018,-0.009440559,0.39132717,-0.67685664,-0.8549592,5.116645,0.06003441,0.059219725,-0.07100928,0.1344145,0.1332618,-0.07100928,0.22783425,0.22519138,-0.07100928,0.33491737,0.32814094,-0.07100928
0.0743262,0.07221977,-0.07834172,0.8839953,0.46207157,0.07100569,-0.45600453,0.88573134,-0.08683018,-0.10301374,0.04437857,0.99368924,-0.077770054,-0.0013272096,0.4399996,-0.7099618,-0.9463783,5.757772,0.0743262,0.07221977,-0.07834172,0.15307178,0.15048535,-0.07834172,0.2495807,0.24511458,-0.07834172,0.3589297,0.34957048,-0.07834172
0.08999867,0.08605142,-0.08647752,0.82845086,0.55438876,0.079509005,-0.5459999,0.8310827,-0.10575954,-0.124710485,0.044204704,0.99120766,-0.100273065,0.008086777,0.48813164,-0.72353953,-1.0246532,6.398041,0.08999867,0.08605142,-0.08647752,0.17280467,0.16819657,-0.08647752,0.27220944,0.2652672,-0.08647752,0.38369602,0.37101468,-0.08647752
0.107054666,0.10062798,-0.095406055,0.7562813,0.6484844,0.086640865,-0.63738483,0.76017237,-0.12601078,-0.147578,0.04007602,0.9882382,-0.12721244,0.018186273,0.5356623,-0.7186753,-1.084961,7.0421214,0.107054666,0.10062798,-0.095406055,0.19364381,0.18633117,-0.095406055,0.29576704,0.28559613,-0.095406055,0.40927228,0.39242628,-0.095406055
0.12550402,0.11589157,-0.10511565,0.6647416,0.74139464,0.09193756,-0.72729623,0.6703538,-0.14719343,-0.17075913,0.030979753,0.9848256,-0.15836802,0.029184982,0.5825697,-0.7042252,-1.1274425,7.788647,0.12550402,0.11589157,-0.10511565,0.21562377,0.20485067,-0.10511565,0.32030207,0.30607235,-0.10511565,0.43571594,0.41378182,-0.10511565
0.14536268,0.1317817,-0.11559701,0.55224407,0.82824737,0.09503753,-0.8110413,0.56013095,-0.1687149,-0.1929712,0.01609248,0.98107207,-0.19365896,0.037156306,0.62897784,-0.6560805,-1.151388,8.449814,0.14536268,0.1317817,-0.11559701,0.23878244,0.22371128,-0.11559701,0.34586555,0.32666084,-0.11559701,0.46308565,0.43505087,-0.11559701
0.16662158,0.14829572,-0.12684047,0.41868296,0.9031052,0.095422156,-0.88294834,0.42939246,-0.18980032,-0.21238324,-0.00478667,0.9771746,-0.2333195,0.041826025,0.6747935,-0.6096022,-1.1344764,9.1131525,0.16662158,0.14829572,-0.12684047,0.2631305,0.24292494,-0.12684047,0.3724795,0.34738085,-0.12684047,0.49141073,0.45625728,-0.12684047
0.18932994,0.16544999,-0.13883448,0.26490578,0.95983183,0.092452966,-0.9372109,0.2788405,-0.20948386,-0.22684893,-0.031154417,0.97343135,-0.27743232,0.041732516,0.71983176,-0.58261365,-1.0678077,9.773404,0.18932994,0.16544999,-0.13883448,0.2887347,0.2625206,-0.13883448,0.4002213,0.3682681,-0.13883448,0.5207752,0.47744092,-0.13883448
0.21348023,0.1833023,-0.1515646,0.09339503,0.99192417,0.08581136,-0.9676622,0.110718295,-0.22665186,-0.23432238,-0.061868235,0.97018814,-0.32547152,0.035660952,0.76389116,-0.58333373,-0.9592732,10.428592,0.21348023,0.1833023,-0.1515646,0.31560346,0.28256726,-0.1515646,0.4291087,0.3893974,-0.1515646,0.5512027,0.49868017,-0.1515646
0.23908415,0.20190573,-0.16501498,-0.091454126,0.9929555,0.07533478,-0.96819,-0.07096906,-0.23994039,-0.23290372,-0.09488191,0.96786004,-0.37605262,0.022793619,0.8069577,-0.6323203,-0.8083382,11.077089,0.23908415,0.20190573,-0.16501498,0.34376246,0.3031274,-0.16501498,0.45917633,0.41083688,-0.16501498,0.5827334,0.5200468,-0.16501498
0.26611093,0.22131565,-0.17917287,-0.28317285,0.95712686,0.061003372,-0.9332111,-0.26030976,-0.2477012,-0.22120167,-0.12707126,0.96691394,-0.4269744,0.002871443,0.8493171,-0.75990665,-0.6206586,11.717318,0.26611093,0.22131565,-0.17917287,0.37319404,0.3242652,-0.17917287,0.49041414,0.43265525,-0.17917287,0.61536235,0.5416129,-0.17917287
0.29447967,0.24161269,-0.19403303,-0.47322991,0.8798748,0.043284655,-0.8581362,-0.44931686,-0.24842812,-0.19913717,-0.15470771,0.96768236,-0.4755922,-0.023648951,0.89149636,-0.97456,-0.43459648,12.348258,0.29447967,0.24161269,-0.19403303,0.40382868,0.3460686,-0.19403303,0.5227599,0.45494503,-0.19403303,0.64903194,0.56347424,-0.19403303
0.32409695,0.26284868,-0.20960093,-0.6511224,0.75862145,0.023087762,-0.74007046,-0.62786555,-0.24099901,-0.16833103,-0.1740064,0.9702505,-0.5193903,-0.05564949,0.9340546,-1.2682545,-0.29912058,12.966467,0.32409695,0.26284868,-0.20960093,0.43558353,0.36859617,-0.20960093,0.55613744,0.477769,-0.20960093,0.6836701,0.5856964,-0.20960093
0.35479566,0.28500867,-0.22588944,-0.8047126,0.5936626,0.0015103146,-0.5787951,-0.7839886,-0.22440606,-0.13203743,-0.18145654,0.9744943,-0.55640733,-0.091558814,0.9773802,-1.6376165,-0.24980651,13.566453,0.35479566,0.28500867,-0.22588944,0.4683009,0.39183882,-0.22588944,0.5903949,0.5011216,-0.22588944,0.7191292,0.60827726,-0.22588944
0.0015245852,0.0017229492,-0.042556763,0.9999316,0.010317626,0.005520118,-0.010298123,0.9999407,-0.0035500592,-0.005556419,0.003492969,0.9999785,-0.027914012,-0.04043641,0.043896146,-0.21006842,-0.3313034,0.6158896,0.0015245852,0.0017229492,-0.042556763,0.033547025,0.03373935,-0.042556763,0.09815116,0.098194204,-0.042556763,0.1847403,0.18389739,-0.042556763
0.0050804783,0.0054695657,-0.04411304,0.9994373,0.03130373,0.012052714,-0.031199168,0.99947476,-0.008767832,-0.012320849,0.008386863,0.99988896,-0.030220462,-0.040480934,0.09338472,-0.30422592,-0.39756367,1.2541794,0.0050804783,0.0054695657,-0.04411304,0.044770908,0.04514598,-0.04411304,0.114449024,0.11459457,-0.04411304,0.20456877,0.20355368,-0.04411304
0.010524599,0.011005129,-0.04649353,0.9978329,0.062862225,0.019437447,-0.062562235,0.99791795,-0.015675517,-0.020382375,0.0144254975,0.9996882,-0.033999242,-0.038512487,0.14283048,-0.3931527,-0.46205586,1.8891714,0.010524599,0.011005129,-0.04649353,0.05724205,0.057693847,-0.04649353,0.13162214,0.13173592,-0.04649353,0.2250419,0.2236655,-0.04649353
0.017704591,0.018131208,-0.04969728,0.99409354,0.10495974,0.027587842,-0.10430144,0.9942484,-0.024310444,-0.02998079,0.021289408,0.99932355,-0.038685072,-0.034757473,0.19220862,-0.47590345,-0.5313622,2.526213,0.017704591,0.018131208,-0.04969728,0.070877716,0.07125083,-0.04969728,0.14962329,0.14951642,-0.04969728,0.24613221,0.24414565,-0.04969728
0.026509214,0.02669775,-0.05372274,0.98683876,0.15753132,0.036511526,-0.15628874,0.9871011,-0.034716457,-0.041509494,0.028553205,0.99873,-0.044290014,-0.02975282,0.24152502,-0.54988104,-0.61375165,3.1687136,0.026509214,0.02669775,-0.05372274,0.08562703,0.085723355,-0.05372274,0.16843303,0.16786851,-0.05372274,0.2678378,0.26493913,-0.05372274
0.036850553,0.036554597,-0.058568478,0.9743375,0.22031796,0.046111416,-0.21819144,0.9747728,-0.04701341,-0.05530606,0.035745814,0.9978293,-0.05159241,-0.023883168,0.29079092,-0.6173463,-0.70635176,3.81586,0.036850553,0.036554597,-0.058568478,0.10145469,0.10100945,-0.058568478,0.18804383,0.18671264,-0.058568478,0.29016706,0.2859776,-0.058568478
0.04862375,0.0475645,-0.064233184,0.95456153,0.29269406,0.05605601,-0.2893069,0.95526737,-0.06136424,-0.071509436,0.042358555,0.99653995,-0.06184541,-0.017137308,0.33996361,-0.68144876,-0.7995024,4.463593,0.04862375,0.0475645,-0.064233184,0.11830187,0.11701309,-0.064233184,0.20842162,0.2059722,-0.064233184,0.31309992,0.30719388,-0.064233184
0.061819687,0.059608825,-0.0707134,0.9252593,0.37355775,0.06595286,-0.3684656,0.92638093,-0.07779108,-0.090156935,0.047675565,0.9947858,-0.07624102,-0.009185625,0.3889016,-0.7347976,-0.8915015,5.1085906,0.061819687,0.059608825,-0.0707134,0.13619977,0.1336509,-0.0707134,0.22961953,0.22558048,-0.0707134,0.33670264,0.32853004,-0.0707134
0.07640903,0.07257835,-0.07800245,0.8840464,0.4612747,0.07541195,-0.45399275,0.88580495,-0.09612216,-0.11113904,0.050739992,0.9925084,-0.09549783,0.0002550208,0.43739724,-0.76730007,-0.98062897,5.750606,0.07640903,0.07257835,-0.07800245,0.1551546,0.15084393,-0.07800245,0.2516635,0.24547316,-0.07800245,0.36101252,0.34992906,-0.07800245
0.09241719,0.086364225,-0.086090684,0.82851994,0.55364037,0.083887234,-0.5436902,0.8312189,-0.11608654,-0.13399886,0.05057135,0.9896903,-0.11973069,0.011049951,0.48527783,-0.7802913,-1.0555937,6.3919425,0.09241719,0.086364225,-0.086090684,0.17522319,0.16850938,-0.086090684,0.27462795,0.26558,-0.086090684,0.38611454,0.3713275,-0.086090684
0.109824136,0.10087975,-0.09496617,0.7563649,0.6478159,0.090810284,-0.634782,0.76039416,-0.13730346,-0.15799898,0.046206787,0.98635745,-0.14864787,0.02253345,0.5324788,-0.77513504,-1.1112158,7.037312,0.109824136,0.10087975,-0.09496617,0.19641328,0.18658294,-0.09496617,0.2985365,0.2858479,-0.09496617,0.41204175,0.39267805,-0.09496617
0.12867022,0.11603653,-0.104616046,0.66483736,0.7408328,0.09569499,-0.72441924,0.6706904,-0.15934417,-0.18222913,0.036614697,0.98257375,-0.18202667,0.03490138,0.57897353,-0.761993,-1.1471212,7.7879887,0.12867022,0.11603653,-0.104616046,0.21878996,0.20499563,-0.104616046,0.32346827,0.3062173,-0.104616046,0.43888214,0.41392678,-0.104616046
0.14896375,0.13180459,-0.115029454,0.552306,0.82784176,0.098163955,-0.8079568,0.56056964,-0.18156937,-0.20533842,0.020969607,0.9784664,-0.2197739,0.04409631,0.62490904,-0.7143649,-1.163719,8.451066,0.14896375,0.13180459,-0.115029454,0.24238351,0.22373417,-0.115029454,0.34946662,0.32668373,-0.115029454,0.46668673,0.43507376,-0.115029454
0.17071094,0.14818127,-0.12619603,0.41869593,0.90285486,0.09770489,-0.8797055,0.42994383,-0.20314023,-0.22541383,-0.00089749694,0.97426224,-0.2620979,0.049825337,0.6701856,-0.6699081,-1.1374202,9.116042,0.17071094,0.14818127,-0.12619603,0.26721984,0.2428105,-0.12619603,0.37656885,0.3472664,-0.12619603,0.4955001,0.45614284,-0.12619603
0.19393046,0.16519822,-0.13810313,0.26486665,0.959723,0.093687825,-0.9338813,0.27950674,-0.2230285,-0.24023196,-0.028420463,0.9702993,-0.30902424,0.050572548,0.71461827,-0.6470375,-1.0595889,9.777404,0.19393046,0.16519822,-0.13810313,0.29333523,0.26226884,-0.13810313,0.4048218,0.36801633,-0.13810313,0.5253757,0.47718915,-0.13810313
0.21864533,0.18289794,-0.15073514,0.09331244,0.99193054,0.08582761,-0.9643337,0.11148809,-0.2400639,-0.2476955,-0.060365498,0.9669553,-0.35995823,0.0450885,0.7580121,-0.65434676,-0.9392153,10.433066,0.21864533,0.18289794,-0.15073514,0.32076856,0.2821629,-0.15073514,0.4342738,0.38899305,-0.15073514,0.5563678,0.49827582,-0.15073514
0.24487486,0.2013259,-0.16407585,-0.09155963,0.99304545,0.07400948,-0.96496665,-0.07012812,-0.2528267,-0.24587828,-0.094565384,0.9646766,-0.41342917,0.032533035,0.8003745,-0.7130465,-0.77621603,11.081011,0.24487486,0.2013259,-0.16407585,0.34955317,0.30254757,-0.16407585,0.46496704,0.41025704,-0.16407585,0.5885241,0.51946694,-0.16407585
0.27257302,0.2205756,-0.17811239,-0.2832646,0.95726943,0.058277108,-0.9302069,-0.25945163,-0.25961474,-0.23340121,-0.12774941,0.96395195,-0.46715128,0.012654569,0.8420299,-0.8540664,-0.5769899,11.719201,0.27257302,0.2205756,-0.17811239,0.37965614,0.32352516,-0.17811239,0.49687624,0.4319152,-0.17811239,0.62182444,0.5408729,-0.17811239
0.3016513,0.24072005,-0.19284046,-0.473261,0.8800503,0.03918258,-0.8554611,-0.44851124,-0.25888914,-0.2102617,-0.1560413,0.9651115,-0.5183943,-0.014042268,0.8835543,-1.0856345,-0.38182893,12.3464985,0.3016513,0.24072005,-0.19284046,0.4110003,0.34517595,-0.19284046,0.52993155,0.4540524,-0.19284046,0.65620357,0.5625816,-0.19284046
0.33201626,0.26178056,-0.20826674,-0.65104926,0.75882834,0.017732844,-0.7378153,-0.62718976,-0.24952284,-0.17822313,-0.1755352,0.96820647,-0.5645769,-0.046377108,0.9255492,-1.3987752,-0.24164324,12.959511,0.33201626,0.26178056,-0.20826674,0.44350284,0.36752805,-0.20826674,0.56405675,0.47670087,-0.20826674,0.6915894,0.5846283,-0.20826674
0.36350843,0.28380322,-0.22440624,-0.8045088,0.5939208,-0.0048697963,-0.5770273,-0.78351545,-0.2305277,-0.14073077,-0.18265155,0.97305346,-0.60368955,-0.08266461,0.96843314,-1.7887633,-0.19301209,13.552936,0.36350843,0.28380322,-0.22440624,0.47701368,0.39063337,-0.22440624,0.5991077,0.49991614,-0.22440624,0.727842,0.6070718,-0.22440624
0.0015627322,0.0017305786,-0.042551637,0.99993145,0.010294367,0.0055771302,-0.010273751,0.99994034,-0.0037124907,-0.0056150155,0.0036549382,0.9999775,-0.02975946,-0.040708,0.04358631,-0.21976818,-0.33477113,0.6144931,0.0015627322,0.0017305786,-0.042551637,0.033585172,0.03374698,-0.042551637,0.09818931,0.09820183,-0.042551637,0.18477845,0.18390502,-0.042551637
0.0051644016,0.005477195,-0.044102907,0.9994374,0.031258214,0.012164125,-0.031148683,0.99947345,-0.009092159,-0.012441924,0.008708146,0.9998847,-0.032078188,-0.040717278,0.09307554,-0.31388053,-0.40103087,1.2527962,0.0051644016,0.005477195,-0.044102907,0.04485483,0.04515361,-0.044102907,0.11453295,0.1146022,-0.044102907,0.2046527,0.2035613,-0.044102907
0.010623781,0.011012758,-0.04647839,0.99783385,0.06279818,0.019598635,-0.06248582,0.997915,-0.016163247,-0.020572795,0.0149035975,0.99967736,-0.035881992,-0.038679257,0.14252074,-0.40282676,-0.465469,1.887807,0.010623781,0.011012758,-0.04647839,0.057341233,0.057701476,-0.04647839,0.13172132,0.13174355,-0.04647839,0.22514108,0.22367314,-0.04647839
0.01784955,0.018146466,-0.049676895,0.99409676,0.1048775,0.027790817,-0.10419513,0.9942435,-0.024962818,-0.030248879,0.021919789,0.99930197,-0.04060641,-0.034821685,0.19189632,-0.48561525,-0.534677,2.5248682,0.01784955,0.018146466,-0.049676895,0.071022674,0.07126609,-0.049676895,0.14976825,0.14953168,-0.049676895,0.24627717,0.2441609,-0.049676895
0.02668469,0.026720637,-0.05369699,0.9868454,0.15743433,0.036747586,-0.15615074,0.9870937,-0.035534192,-0.041867618,0.029328594,0.99869245,-0.04626675,-0.029681906,0.24120793,-0.55956614,-0.6169968,3.167425,0.02668469,0.026720637,-0.05369699,0.0858025,0.08574624,-0.05369699,0.1686085,0.1678914,-0.05369699,0.26801327,0.26496202,-0.05369699
0.037048917,0.036569856,-0.058537483,0.97434956,0.22021149,0.046369366,-0.21802081,0.9747633,-0.047996998,-0.05576864,0.036656357,0.9977707,-0.053643536,-0.023647336,0.2904668,-0.6270053,-0.7094756,3.814644,0.037048917,0.036569856,-0.058537483,0.101653054,0.10102471,-0.058537483,0.1882422,0.1867279,-0.058537483,0.29036543,0.28599286,-0.058537483
0.048860263,0.0475645,-0.06419635,0.9545799,0.29258317,0.056322027,-0.28910172,0.95525503,-0.06251255,-0.07209203,0.04339043,0.99645364,-0.06399357,-0.01670636,0.3396293,-0.6910553,-0.8024587,4.4624686,0.048860263,0.0475645,-0.06419635,0.11853838,0.11701309,-0.06419635,0.20865813,0.2059722,-0.06419635,0.31333643,0.30719388,-0.06419635
0.062086716,0.059601195,-0.070670485,0.9252859,0.3734455,0.066210344,-0.36822158,0.9263667,-0.07910032,-0.09087475,0.048810355,0.994665,-0.07851337,-0.00853422,0.38855127,-0.744327,-0.8942295,5.107592,0.062086716,0.059601195,-0.070670485,0.1364668,0.13364327,-0.070670485,0.22988656,0.22557285,-0.070670485,0.33696967,0.3285224,-0.070670485
0.0767142,0.07254783,-0.07795346,0.88408315,0.4611671,0.075642794,-0.45370847,0.885791,-0.09758539,-0.11200687,0.05195383,0.9923483,-0.097922415,0.001151909,0.43702352,-0.7766807,-0.98306495,5.7497807,0.0767142,0.07254783,-0.07795346,0.15545978,0.15081342,-0.07795346,0.25196868,0.24544264,-0.07795346,0.3613177,0.34989855,-0.07795346
0.09276051,0.08632608,-0.086034894,0.8285662,0.55354285,0.08407108,-0.5433645,0.8312058,-0.117692485,-0.13502823,0.051834803,0.9894847,-0.12233979,0.012209177,0.4848703,-0.78947663,-1.0576017,6.3913026,0.09276051,0.08632608,-0.086034894,0.17556651,0.16847123,-0.086034894,0.27497128,0.26554185,-0.086034894,0.38645786,0.37128934,-0.086034894
0.110228494,0.100826345,-0.09490299,0.75642216,0.6477327,0.0909244,-0.6344144,0.760386,-0.13903578,-0.1591957,0.047486033,0.986104,-0.15147552,0.023965763,0.53202665,-0.7841359,-1.1126128,7.036883,0.110228494,0.100826345,-0.09490299,0.19681764,0.18652953,-0.09490299,0.29894087,0.2857945,-0.09490299,0.4124461,0.39262465,-0.09490299
0.12912035,0.11596023,-0.1045444,0.66490453,0.7407703,0.09571533,-0.7240135,0.6706902,-0.16118069,-0.1835932,0.037870582,0.9822726,-0.18510722,0.036613367,0.57846427,-0.7709526,-1.1475797,7.788201,0.12912035,0.11596023,-0.1045444,0.2192401,0.20491934,-0.1045444,0.3239184,0.30614102,-0.1045444,0.43933228,0.4138505,-0.1045444
0.14946729,0.13169777,-0.11494827,0.5523735,0.82780796,0.098067045,-0.8075221,0.5605735,-0.18348026,-0.20686024,0.02215834,0.9781194,-0.22314577,0.046082165,0.6243358,-0.7230475,-1.1631835,8.451574,0.14946729,0.13169777,-0.11494827,0.24288705,0.22362736,-0.11494827,0.34997016,0.32657692,-0.11494827,0.46719027,0.43496695,-0.11494827
0.17127551,0.14803632,-0.12610376,0.41876116,0.9028504,0.09747017,-0.8792486,0.429955,-0.20508711,-0.22707075,0.00018200278,0.9738783,-0.26579636,0.05206864,0.66954005,-0.6784856,-1.1355256,9.116848,0.17127551,0.14803632,-0.12610376,0.26778442,0.24266554,-0.12610376,0.37713343,0.34712145,-0.12610376,0.49606466,0.45599788,-0.12610376
0.19457896,0.16499986,-0.1379987,0.2649254,0.9597447,0.09329791,-0.933411,0.2795254,-0.22496483,-0.24198796,-0.027486406,0.9698897,-0.31308082,0.053048693,0.7138921,-0.655758,-1.05601,9.778401,0.19457896,0.16499986,-0.1379987,0.29398373,0.26207048,-0.1379987,0.4054703,0.36781797,-0.1379987,0.5260242,0.4769908,-0.1379987
0.21937776,0.18264617,-0.15061736,0.09336256,0.9919737,0.08527318,-0.96386284,0.1115144,-0.24193591,-0.24950325,-0.059603892,0.9665379,-0.36439493,0.047763538,0.7571984,-0.6634548,-0.93372357,10.434161,0.21937776,0.18264617,-0.15061736,0.321501,0.28191113,-0.15061736,0.43500623,0.38874128,-0.15061736,0.55710024,0.49802405,-0.15061736
0.24568358,0.20103598,-0.16394317,-0.09151886,0.9931026,0.07329028,-0.9645093,-0.07009645,-0.25457442,-0.24768114,-0.093987495,0.9642718,-0.41825858,0.035372663,0.7994697,-0.72296464,-0.7686421,11.082052,0.24568358,0.20103598,-0.16394317,0.35036188,0.30225766,-0.16394317,0.46577576,0.40996712,-0.16394317,0.5893328,0.519177,-0.16394317
0.27345803,0.22023991,-0.17796326,-0.2832292,0.95733273,0.057403013,-0.9297801,-0.2594174,-0.2611731,-0.23513825,-0.12734401,0.96358335,-0.47237077,0.015617367,0.8410352,-0.8654095,-0.56724375,11.719943,0.27345803,0.22023991,-0.17796326,0.38054115,0.32318947,-0.17796326,0.49776125,0.4315795,-0.17796326,0.62270945,0.5405372,-0.17796326
0.30262786,0.24032332,-0.19267344,-0.47322547,0.8801137,0.0381767,-0.8550825,-0.4484802,-0.26019126,-0.21187644,-0.15577336,0.9648021,-0.5239881,-0.010999161,0.8824774,-1.0989983,-0.3700828,12.346756,0.30262786,0.24032332,-0.19267344,0.41197687,0.34477922,-0.19267344,0.5309081,0.45365566,-0.19267344,0.65718013,0.5621849,-0.19267344
0.33307675,0.26134568,-0.20808077,-0.65100956,0.7588873,0.016631976,-0.7374984,-0.627171,-0.2505049,-0.17967391,-0.17534715,0.9679724,-0.57051295,-0.04328099,0.9244039,-1.4146781,-0.22842641,12.959042,0.33307675,0.26134568,-0.20808077,0.44456333,0.36709318,-0.20808077,0.56511724,0.476266,-0.20808077,0.6926499,0.5841934,-0.20808077
0.36468336,0.28331494,-0.2242006,-0.8044617,0.59397405,-0.0060139447,-0.57678205,-0.78351766,-0.23113315,-0.14199913,-0.18246903,0.9729035,-0.60994124,-0.079539455,0.96723545,-1.8075513,-0.17898208,13.551639,0.36468336,0.28331494,-0.2242006,0.4781886,0.3901451,-0.2242006,0.6002826,0.49942786,-0.2242006,0.7290169,0.60658354,-0.2242006
0.0015703615,0.0017305786,-0.04255104,0.9999315,0.010290772,0.005577348,-0.010270018,0.99994034,-0.0037371283,-0.005615473,0.003679593,0.9999775,-0.030029507,-0.04067176,0.043554176,-0.22126429,-0.33482704,0.61433965,0.0015703615,0.0017305786,-0.04255104,0.0335928,0.03374698,-0.04255104,0.09819694,0.09820183,-0.04255104,0.18478608,0.18390502,-0.04255104
0.0051644016,0.005477195,-0.044101596,0.9994372,0.031253036,0.012164962,-0.031142877,0.99947286,-0.009141892,-0.012444263,0.008757899,0.99988395,-0.032348208,-0.040675692,0.09304352,-0.3153729,-0.40108365,1.252643,0.0051644016,0.005477195,-0.044101596,0.04485483,0.04515361,-0.044101596,0.11453295,0.1146022,-0.044101596,0.2046527,0.2035613,-0.044101596
0.01063141,0.011012758,-0.046476483,0.9978343,0.062790275,0.019598989,-0.062476378,0.9979144,-0.016237898,-0.020577693,0.014978258,0.9996761,-0.0361524,-0.038627278,0.1424886,-0.40433243,-0.46551648,1.887654,0.01063141,0.011012758,-0.046476483,0.057348862,0.057701476,-0.046476483,0.13172895,0.13174355,-0.046476483,0.22514871,0.22367314,-0.046476483
0.017864808,0.018146466,-0.04967463,0.9940974,0.10486958,0.027790828,-0.10418417,0.994242,-0.0250632,-0.030259179,0.022019902,0.99929935,-0.04087797,-0.0347532,0.19186398,-0.4871432,-0.5347601,2.524724,0.017864808,0.018146466,-0.04967463,0.07103793,0.07126609,-0.04967463,0.1497835,0.14953168,-0.04967463,0.24629243,0.2441609,-0.04967463
0.026715208,0.026720637,-0.053694367,0.986847,0.15742499,0.03674494,-0.15613621,0.9870915,-0.035659958,-0.04188439,0.029453712,0.9986881,-0.046540048,-0.02959298,0.24117495,-0.56110966,-0.6170355,3.1672938,0.026715208,0.026720637,-0.053694367,0.08583302,0.08574624,-0.053694367,0.16863902,0.1678914,-0.053694367,0.2680438,0.26496202,-0.053694367
0.037087064,0.036569856,-0.058534145,0.9743518,0.22020128,0.046362557,-0.21800244,0.97475964,-0.048147503,-0.0557945,0.03680547,0.99776345,-0.05391925,-0.023530882,0.2904333,-0.6285279,-0.70950717,3.814532,0.037087064,0.036569856,-0.058534145,0.1016912,0.10102471,-0.058534145,0.18828034,0.1867279,-0.058534145,0.29040357,0.28599286,-0.058534145
0.04889841,0.0475645,-0.064192414,0.9545838,0.2925728,0.056309305,-0.2890793,0.9552504,-0.06268709,-0.07213003,0.043562233,0.9964434,-0.064275816,-0.016558744,0.33959422,-0.6925638,-0.8024815,4.4623756,0.04889841,0.0475645,-0.064192414,0.11857653,0.11701309,-0.064192414,0.20869628,0.2059722,-0.064192414,0.31337458,0.30719388,-0.064192414
0.062140122,0.059593566,-0.070666075,0.92529136,0.37343562,0.06618968,-0.36819464,0.92636055,-0.07929781,-0.09092817,0.049002916,0.9946507,-0.07880375,-0.008348556,0.3885146,-0.7458124,-0.89423716,5.1075134,0.062140122,0.059593566,-0.070666075,0.1365202,0.13363564,-0.070666075,0.22993997,0.22556522,-0.070666075,0.33702308,0.32851478,-0.070666075
0.07678287,0.07254783,-0.07794845,0.88409024,0.4611584,0.07561155,-0.45367676,0.885783,-0.09780389,-0.11207852,0.052164275,0.9923291,-0.09822186,0.0013781069,0.43698427,-0.77812827,-0.98301476,5.74972,0.07678287,0.07254783,-0.07794845,0.15552844,0.15081342,-0.07794845,0.25203735,0.24544264,-0.07794845,0.36138636,0.34989855,-0.07794845
0.092829175,0.08631082,-0.08602929,0.828575,0.5535362,0.084026754,-0.5433279,0.83119607,-0.11792904,-0.13512073,0.052059,0.98946023,-0.12265519,0.012481377,0.48482698,-0.790853,-1.057485,6.391286,0.092829175,0.08631082,-0.08602929,0.17563517,0.16845597,-0.08602929,0.27503994,0.2655266,-0.08602929,0.38652653,0.37127408,-0.08602929
0.11029716,0.10079583,-0.094896555,0.7564328,0.6477287,0.09086466,-0.6343727,0.7603748,-0.13928676,-0.15931126,0.04771904,0.9860741,-0.15181045,0.024285123,0.5319778,-0.7854341,-1.1124091,7.0368943,0.11029716,0.10079583,-0.094896555,0.1968863,0.18649901,-0.094896555,0.29900953,0.28576398,-0.094896555,0.41251478,0.39259413,-0.094896555
0.12919664,0.115922086,-0.10453701,0.66491663,0.74076927,0.095637456,-0.7239667,0.67067766,-0.16144189,-0.18373312,0.038107086,0.9822371,-0.18546769,0.03698482,0.57840866,-0.7722246,-1.1472327,7.7883215,0.12919664,0.115922086,-0.10453701,0.2193164,0.20488119,-0.10453701,0.3239947,0.30610287,-0.10453701,0.43940857,0.41381234,-0.10453701
0.14954358,0.131652,-0.11493981,0.552387,0.8278109,0.097968645,-0.80747104,0.5605603,-0.18374637,-0.20702457,0.02239225,0.97807956,-0.22353484,0.046504278,0.62427264,-0.7242561,-1.1626956,8.451744,0.14954358,0.131652,-0.11493981,0.24296334,0.22358158,-0.11493981,0.35004646,0.32653114,-0.11493981,0.46726656,0.43492118,-0.11493981
0.17135943,0.14799054,-0.12609434,0.41877267,0.90285766,0.09735035,-0.8791944,0.4299389,-0.20535189,-0.22725827,0.00040590763,0.97383416,-0.26621923,0.052542187,0.6694685,-0.6796012,-1.1348547,9.117062,0.17135943,0.14799054,-0.12609434,0.26786834,0.24261977,-0.12609434,0.37721735,0.34707567,-0.12609434,0.4961486,0.4559521,-0.12609434
0.19466288,0.16495408,-0.13798797,0.26493475,0.95975596,0.093156554,-0.9333549,0.27950743,-0.2252206,-0.24219477,-0.027279362,0.96984416,-0.3135454,0.053568948,0.71381134,-0.6568034,-1.0550708,9.7786455,0.19466288,0.16495408,-0.13798797,0.29406765,0.2620247,-0.13798797,0.40555423,0.3677722,-0.13798797,0.52610815,0.476945,-0.13798797
0.21946931,0.18259276,-0.15060484,0.09336872,0.991987,0.08511111,-0.9638051,0.11149441,-0.24217477,-0.24972367,-0.059418954,0.96649224,-0.3649039,0.048329547,0.7571081,-0.66449434,-0.93250567,10.43439,0.21946931,0.18259276,-0.15060484,0.32159254,0.28185773,-0.15060484,0.43509778,0.38868788,-0.15060484,0.5571918,0.49797064,-0.15060484
0.24578276,0.20097494,-0.16392887,-0.091514006,0.9931162,0.07311018,-0.9644514,-0.07011589,-0.25478798,-0.24790795,-0.09382786,0.9642288,-0.41881627,0.03597677,0.7993693,-0.72404784,-0.7671154,11.082301,0.24578276,0.20097494,-0.16392887,0.35046107,0.30219662,-0.16392887,0.46587494,0.4099061,-0.16392887,0.589432,0.519116,-0.16392887
0.27357247,0.22016361,-0.17794704,-0.28322554,0.9573454,0.05720915,-0.9297244,-0.25943604,-0.26135296,-0.23536296,-0.12721056,0.9635463,-0.47297555,0.016257182,0.84092546,-0.8666079,-0.56537545,11.720167,0.27357247,0.22016361,-0.17794704,0.3806556,0.32311317,-0.17794704,0.4978757,0.4315032,-0.17794704,0.6228239,0.5404609,-0.17794704
0.30275756,0.24024703,-0.19265532,-0.4732244,0.880123,0.03797532,-0.8550303,-0.44849998,-0.26032853,-0.21208924,-0.15566385,0.9647727,-0.5246427,-0.010330903,0.88235885,-1.1003907,-0.36783627,12.346898,0.30275756,0.24024703,-0.19265532,0.41210657,0.34470293,-0.19265532,0.5310378,0.45357937,-0.19265532,0.65730983,0.5621086,-0.19265532
0.33323696,0.26125413,-0.2080605,-0.65100986,0.7588914,0.01643169,-0.73745126,-0.6271916,-0.250592,-0.17986631,-0.17525539,0.9679531,-0.5712186,-0.042591363,0.924278,-1.4163525,-0.22584382,12.959133,0.33323696,0.26125413,-0.2080605,0.44472355,0.36700162,-0.2080605,0.56527746,0.47617444,-0.2080605,0.6928101,0.58410186,-0.2080605
0.36484358,0.2832005,-0.22417796,-0.8044617,0.5939722,-0.006203644,-0.5767411,-0.78353876,-0.23116392,-0.14216575,-0.18238461,0.97289467,-0.6106845,-0.078827016,0.9671057,-1.8096218,-0.17617457,13.5515785,0.36484358,0.2832005,-0.22417796,0.47834882,0.39003065,-0.22417796,0.6004428,0.4993134,-0.22417796,0.7291771,0.6064691,-0.22417796
0.0015703615,0.0017305786,-0.04255116,0.9999311,0.010292157,0.0055770245,-0.010271381,0.99993986,-0.0037412124,-0.0056151967,0.0036836725,0.99997705,-0.03006503,-0.04065415,0.043552395,-0.22147422,-0.33475783,0.6143275,0.0015703615,0.0017305786,-0.04255116,0.0335928,0.03374698,-0.04255116,0.09819694,0.09820183,-0.04255116,0.18478608,0.18390502,-0.04255116
0.0051644016,0.005477195,-0.044101596,0.9994373,0.031254105,0.012163364,-0.031143876,0.99947286,-0.009148831,-0.012442893,0.00876487,0.999884,-0.032383773,-0.04065715,0.09304178,-0.31554708,-0.40101397,1.2526313,0.0051644016,0.005477195,-0.044101596,0.04485483,0.04515361,-0.044101596,0.11453295,0.1146022,-0.044101596,0.2046527,0.2035613,-0.044101596
0.01063141,0.011012758,-0.046476603,0.99783444,0.06279106,0.019596035,-0.062477,0.9979143,-0.016247684,-0.020575369,0.014988195,0.9996761,-0.036187675,-0.038607247,0.14248687,-0.40450835,-0.4654453,1.8876423,0.01063141,0.011012758,-0.046476603,0.057348862,0.057701476,-0.046476603,0.13172895,0.13174355,-0.046476603,0.22514871,0.22367314,-0.046476603
0.017864808,0.018146466,-0.04967463,0.99409723,0.10487007,0.027786383,-0.10418438,0.9942414,-0.025075821,-0.030256087,0.022032907,0.99929893,-0.040912382,-0.034731064,0.19186234,-0.4873226,-0.5346882,2.524717,0.017864808,0.018146466,-0.04967463,0.07103793,0.07126609,-0.04967463,0.1497835,0.14953168,-0.04967463,0.24629243,0.2441609,-0.04967463
0.026715208,0.026720637,-0.05369425,0.986847,0.15742531,0.036738943,-0.1561361,0.9870908,-0.035674784,-0.041880798,0.029469287,0.9986876,-0.046574153,-0.029568013,0.24117321,-0.5612534,-0.61696047,3.1672838,0.026715208,0.026720637,-0.05369425,0.08583302,0.08574624,-0.05369425,0.16863902,0.1678914,-0.05369425,0.2680438,0.26496202,-0.05369425
0.037087064,0.036569856,-0.058534026,0.9743525,0.22020155,0.046354815,-0.21800205,0.9747592,-0.048164465,-0.05579067,0.036823712,0.9977633,-0.05395261,-0.023502605,0.29043144,-0.6286737,-0.7094284,3.814524,0.037087064,0.036569856,-0.058534026,0.1016912,0.10102471,-0.058534026,0.18828034,0.1867279,-0.058534026,0.29040357,0.28599286,-0.058534026
0.04889841,0.0475645,-0.064192414,0.9545844,0.29257295,0.056299604,-0.2890785,0.9552495,-0.06270606,-0.07212626,0.04358322,0.9964428,-0.06430837,-0.016526593,0.3395924,-0.692712,-0.80239886,4.4623685,0.04889841,0.0475645,-0.064192414,0.11857653,0.11701309,-0.064192414,0.20869628,0.2059722,-0.064192414,0.31337458,0.30719388,-0.064192414
0.062140122,0.059593566,-0.070666194,0.92529225,0.37343562,0.0661778,-0.36819333,0.92635936,-0.07931859,-0.09092483,0.049026676,0.9946499,-0.07883553,-0.008312654,0.38851264,-0.7459622,-0.89415115,5.1075087,0.062140122,0.059593566,-0.070666194,0.1365202,0.13363564,-0.070666194,0.22993997,0.22556522,-0.070666194,0.33702308,0.32851478,-0.070666194
0.07678287,0.0725402,-0.07794833,0.88409126,0.4611583,0.07559787,-0.45367482,0.8857813,-0.0978265,-0.112076715,0.05219073,0.9923277,-0.0982529,0.0014197954,0.43698224,-0.7782776,-0.98296493,5.7497206,0.07678287,0.0725402,-0.07794833,0.15552844,0.15080579,-0.07794833,0.25203735,0.24543501,-0.07794833,0.36138636,0.34989092,-0.07794833
