err_x,err_y,err_z,rot_x_1,rot_x_2,rot_x_3,rot_y_1,rot_y_2,rot_y_3,rot_z_1,rot_z_2,rot_z_3,root_linvels_x,root_linvels_y,root_linvels_z,root_angvels_x,root_angvels_y,root_angvels_z,relative_pos0_x,relative_pos0_y,relative_pos0_z,relative_pos1_x,relative_pos1_y,relative_pos1_z,relative_pos2_x,relative_pos2_y,relative_pos2_z,relative_pos3_x,relative_pos3_y,relative_pos3_z
0.0,0.0,0.0,0.0,0.0,0.0,0.0,0.0,0.0,0.0,0.0,0.0,0.0,0.0,0.0,0.0,0.0,0.0,0.0,0.0,0.0,0.0,0.0,0.0,0.0,0.0,0.0,0.0,0.0,0.0
0.0010591921,0.0010897095,-0.042649984,0.99994105,0.010799138,0.0011757422,-0.010797197,0.9999403,-0.0016450387,-0.0011934371,0.001632247,0.99999785,-0.00023621356,-0.0015871801,0.049469277,-0.09754289,-0.071173444,0.6449466,0.0010591921,0.0010897095,-0.042649984,0.033081632,0.03310611,-0.042649984,0.09768577,0.097560965,-0.042649984,0.18427491,0.18326415,-0.042649984
0.0041573215,0.004195457,-0.044299006,0.9994741,0.032236166,0.0034027263,-0.032219306,0.99946845,-0.00489887,-0.0035588397,0.0047866623,0.9999818,-0.0016136927,-0.0020515812,0.098951004,-0.19190466,-0.13749978,1.2833964,0.0041573215,0.004195457,-0.044299006,0.04384775,0.043871872,-0.044299006,0.11352587,0.11332046,-0.044299006,0.20364562,0.20227957,-0.044299006
0.009097902,0.00909778,-0.04677272,0.99791473,0.06420877,0.00656064,-0.06414343,0.9978931,-0.009726599,-0.007171352,0.009285497,0.999931,-0.0035375794,-0.0008823797,0.14842452,-0.28014418,-0.2031848,1.9188079,0.009097902,0.00909778,-0.04677272,0.055815354,0.055786498,-0.04677272,0.13019544,0.12982857,-0.04677272,0.2236152,0.22175816,-0.04677272
0.015720949,0.015621138,-0.050070643,0.99423736,0.10667464,0.010598055,-0.106496915,0.9941823,-0.01611808,-0.012255791,0.014896539,0.9998138,-0.005429099,0.0017423623,0.19786817,-0.36172464,-0.27436,2.5562878,0.015720949,0.015621138,-0.050070643,0.06889407,0.06874076,-0.050070643,0.14763965,0.14700635,-0.050070643,0.24414857,0.24163558,-0.050070643
0.023930479,0.023615474,-0.054192185,0.98706615,0.15955713,0.015536626,-0.15916064,0.9869586,-0.024084345,-0.01917684,0.021300029,0.9995889,-0.0072803195,0.0053499145,0.24728264,-0.43484598,-0.3577196,3.1990762,0.023930479,0.023615474,-0.054192185,0.08304829,0.08264108,-0.054192185,0.16585429,0.16478623,-0.054192185,0.26525906,0.26185685,-0.054192185
0.033569913,0.032907747,-0.05913675,0.9746791,0.22258748,0.021337165,-0.22181015,0.97450686,-0.033711817,-0.028297042,0.028125405,0.99920374,-0.009836172,0.009634918,0.29668778,-0.5011541,-0.45246744,3.8464124,0.033569913,0.032907747,-0.05913675,0.09817405,0.0973626,-0.05913675,0.1847632,0.18306579,-0.05913675,0.28688642,0.28233075,-0.05913675
0.044542026,0.04338359,-0.06490362,0.95505124,0.29513654,0.027778106,-0.29375073,0.95481557,-0.045141913,-0.039845996,0.034953,0.99859434,-0.014325032,0.014707702,0.34608278,-0.5631532,-0.55137056,4.4943485,0.044542026,0.04338359,-0.06490362,0.11422014,0.11283218,-0.06490362,0.20433989,0.20179129,-0.06490362,0.3090182,0.30301297,-0.06490362
0.056814805,0.054932006,-0.071492314,0.92593455,0.37609953,0.034555905,-0.37381035,0.9256646,-0.058400277,-0.0539515,0.041157488,0.99769485,-0.021947742,0.021014463,0.3953969,-0.6140225,-0.6510421,5.139165,0.056814805,0.054932006,-0.071492314,0.13119489,0.12897408,-0.071492314,0.22461465,0.22090366,-0.071492314,0.33169776,0.32385322,-0.071492314
0.070374176,0.06741325,-0.07889974,0.88495123,0.4638429,0.041362427,-0.46029887,0.88472944,-0.073337786,-0.07061178,0.045861296,0.9964489,-0.033454005,0.028984947,0.44449246,-0.6437697,-0.7490848,5.780259,0.070374176,0.06741325,-0.07889974,0.14911975,0.14567883,-0.07889974,0.24562867,0.24030806,-0.07889974,0.35497767,0.34476396,-0.07889974
0.08519215,0.08073373,-0.087120414,0.8296956,0.5561667,0.04778663,-0.55098563,0.8296763,-0.08973154,-0.08955314,0.04812012,0.99481875,-0.04901094,0.038649995,0.49323255,-0.65235645,-0.8371641,6.420048,0.08519215,0.08073373,-0.087120414,0.16799815,0.16287889,-0.087120414,0.26740292,0.2599495,-0.087120414,0.3788895,0.365697,-0.087120414
0.101263955,0.09480675,-0.0961467,0.75784254,0.650247,0.053413805,-0.6430526,0.7582702,-0.10728069,-0.11026105,0.046954006,0.9927926,-0.06840584,0.04952346,0.5415514,-0.6397215,-0.9110405,7.063073,0.101263955,0.09480675,-0.0961467,0.1878531,0.18050994,-0.0961467,0.28997633,0.2797749,-0.0961467,0.40348157,0.38660505,-0.0961467
0.118607044,0.109513395,-0.1059705,0.6666385,0.743128,0.057911213,-0.7335947,0.6678759,-0.12562008,-0.13202931,0.04125983,0.9903866,-0.0915494,0.06205534,0.58939666,-0.6110256,-0.9677298,7.8167777,0.118607044,0.109513395,-0.1059705,0.2087268,0.1984725,-0.1059705,0.3134051,0.29969418,-0.1059705,0.42881897,0.40740365,-0.1059705
0.13719922,0.12480843,-0.1165849,0.55434865,0.83004355,0.061030526,-0.8179643,0.5568881,-0.14425518,-0.1537253,0.030046899,0.98765635,-0.11849755,0.07219578,0.6369316,-0.545243,-1.0086021,8.475635,0.13719922,0.12480843,-0.1165849,0.23061898,0.21673802,-0.1165849,0.3377021,0.31968758,-0.1165849,0.4549222,0.4280776,-0.1165849
0.15709247,0.14068921,-0.12798357,0.4209304,0.9049448,0.062387705,-0.8903171,0.4253336,-0.16256219,-0.17364542,0.012882546,0.98472375,-0.14968231,0.07985353,0.68406993,-0.47439274,-1.0105706,9.136884,0.15709247,0.14068921,-0.12798357,0.25360137,0.23531844,-0.12798357,0.36295038,0.33977434,-0.12798357,0.48188162,0.44865078,-0.12798357
0.17824443,0.15714921,-0.1401583,0.26718226,0.96168494,0.061445847,-0.94479024,0.27397338,-0.17974979,-0.18969719,-0.010027461,0.9817913,-0.18541595,0.08357001,0.73065656,-0.4153539,-0.9628711,9.795801,0.17824443,0.15714921,-0.1401583,0.2776492,0.25421983,-0.1401583,0.38913578,0.35996732,-0.1401583,0.5096897,0.46914014,-0.1401583
0.20072389,0.17422332,-0.15309823,0.095546044,0.99373686,0.057945758,-0.9751768,0.10512522,-0.19488083,-0.19975185,-0.03788723,0.97911334,-0.22542916,0.08208218,0.7764883,-0.375401,-0.8689927,10.450997,0.20072389,0.17422332,-0.15309823,0.30284712,0.27348828,-0.15309823,0.41635236,0.38031843,-0.15309823,0.53844637,0.4896012,-0.15309823
0.22454253,0.19197989,-0.16679037,-0.089611396,0.99463207,0.051738188,-0.97533923,-0.07711597,-0.20680076,-0.20170082,-0.068993986,0.97701406,-0.2685678,0.074428424,0.82149434,-0.37569976,-0.7257882,11.101551,0.22454253,0.19197989,-0.16679037,0.32922083,0.29320157,-0.16679037,0.4446347,0.40091103,-0.16679037,0.56819177,0.5101209,-0.16679037
0.24965432,0.21044376,-0.18122339,-0.28182888,0.958512,0.04274384,-0.93968266,-0.26674443,-0.2141116,-0.19382688,-0.10050848,0.9758735,-0.31280923,0.060144138,0.8658562,-0.44869816,-0.5372414,11.746538,0.24965432,0.21044376,-0.18122339,0.35673743,0.31339332,-0.18122339,0.47395754,0.42178336,-0.18122339,0.59890574,0.53074104,-0.18122339
0.27603942,0.22968794,-0.19639158,-0.47253478,0.880756,0.03129857,-0.86364615,-0.45569584,-0.21553753,-0.17557338,-0.12887986,0.97599345,-0.35561025,0.03942895,0.9099747,-0.6058326,-0.33726564,12.385927,0.27603942,0.22968794,-0.19639158,0.38538843,0.33414385,-0.19639158,0.50431967,0.44302028,-0.19639158,0.6305917,0.5515495,-0.19639158
0.30357388,0.2497719,-0.21229684,-0.6511346,0.7587459,0.018115073,-0.7443986,-0.63380486,-0.21014762,-0.14796725,-0.15031922,0.9775015,-0.39446312,0.0130751,0.95429826,-0.84394586,-0.17112406,13.016853,0.30357388,0.2497719,-0.21229684,0.41506046,0.35551938,-0.21229684,0.5356144,0.4646922,-0.21229684,0.66314703,0.5726196,-0.21229684
0.3321211,0.27070355,-0.22894824,-0.80536026,0.59277225,0.003983766,-0.5817809,-0.7891024,-0.19709995,-0.11369179,-0.16105413,0.98037505,-0.42727816,-0.017663993,0.9991461,-1.1668843,-0.076464996,13.633172,0.3321211,0.27070355,-0.22894824,0.44562635,0.3775337,-0.22894824,0.56772035,0.48681647,-0.22894824,0.69645464,0.59397215,-0.22894824
0.36156183,0.29251492,-0.24635863,-0.92208755,0.38684812,-0.010154195,-0.3792021,-0.90847504,-0.17572364,-0.077203184,-0.15818208,0.9843874,-0.4525378,-0.05099775,1.0446613,-1.5572433,-0.09432386,14.230925,0.36156183,0.29251492,-0.24635863,0.4769757,0.4002244,-0.24635863,0.60053277,0.5094343,-0.24635863,0.73041326,0.615651,-0.24635863
0.39169532,0.31510994,-0.26454127,-0.9885309,0.14923663,-0.023134317,-0.14433433,-0.97869503,-0.14602609,-0.04443388,-0.1410122,0.9890102,-0.46962735,-0.084404506,1.0909098,-1.9516165,-0.26340446,14.811864,0.39169532,0.31510994,-0.26454127,0.5089154,0.42349997,-0.26454127,0.6338636,0.53245765,-0.26454127,0.76483816,0.63757116,-0.26454127
0.42242151,0.33842394,-0.2835102,-0.99364424,-0.1073946,-0.033726893,0.11046421,-0.98792326,-0.108652115,-0.021650929,-0.11168717,0.99350727,-0.47928262,-0.11482639,1.1379975,-2.2779508,-0.5896113,15.384429,0.42242151,0.33842394,-0.2835102,0.54135275,0.44730037,-0.2835102,0.6676248,0.5558296,-0.2835102,0.79964435,0.6596785,-0.2835102
0.45357364,0.36233243,-0.30327988,-0.92961925,-0.36627784,-0.0406034,0.36825737,-0.927468,-0.064727604,-0.013950065,-0.07512453,0.99707663,-0.4838495,-0.13928081,1.1860273,-2.476506,-1.0364329,15.961111,0.45357364,0.36233243,-0.30327988,0.57412755,0.47150525,-0.30327988,0.7016602,0.57943267,-0.30327988,0.83467877,0.6818587,-0.30327988
0.48515424,0.38662794,-0.32386422,-0.7933824,-0.60723823,-0.042496346,0.6082588,-0.7935698,-0.016374353,-0.023780681,-0.0388399,0.99896216,-0.48704195,-0.15574256,1.2349362,-2.4802907,-1.5323824,16.554348,0.48515424,0.38662794,-0.32386422,0.60724825,0.4959107,-0.32386422,0.73598254,0.6030664,-0.32386422,0.86995673,0.70391405,-0.32386422
0.51717496,0.41117257,-0.3452716,-0.5880803,-0.80787796,-0.03866171,0.80728596,-0.5892325,0.033080973,-0.049506128,-0.011756796,0.9987042,-0.49317014,-0.16417274,1.2843482,-2.2455802,-1.9695207,17.174656,0.51717496,0.41117257,-0.3452716,0.64073205,0.52038246,-0.3452716,0.77061254,0.6265992,-0.3452716,0.9055013,0.725716,-0.3452716
0.5497098,0.43580619,-0.36750114,-0.32437775,-0.94548583,-0.028902914,0.9421259,-0.32565987,0.07964985,-0.08472033,-0.0013935603,0.99640346,-0.5058717,-0.16692896,1.333627,-1.8178922,-2.2195225,17.825853,0.5497098,0.43580619,-0.36750114,0.674658,0.54476386,-0.36750114,0.80563253,0.64987737,-0.36750114,0.9413972,0.74711376,-0.36750114
0.5828872,0.46049923,-0.39054096,-0.021242147,-0.9996821,-0.013569396,0.992631,-0.022707976,0.119028315,-0.11929862,-0.0109410025,0.99279785,-0.5267929,-0.1681048,1.3821747,-1.326236,-2.1836817,18.500774,0.5828872,0.46049923,-0.39054096,0.7091592,0.56902844,-0.39054096,0.8411788,0.6728774,-0.39054096,0.9777828,0.76808697,-0.39054096
0.6168598,0.48523054,-0.4143741,0.2942542,-0.95570916,0.005867608,0.9451029,0.29189056,0.14690295,-0.14210919,-0.037681337,0.9891334,-0.55499285,-0.17220883,1.4297659,-0.9255695,-1.8397614,19.185751,0.6168598,0.48523054,-0.4143741,0.74439245,0.59315795,-0.4143741,0.877411,0.695584,-0.4143741,1.0148201,0.78862363,-0.4143741
0.65163606,0.51009375,-0.4389863,0.5885486,-0.80801547,0.02685469,0.7954036,0.584669,0.15967146,-0.14471813,-0.07261413,0.98680466,-0.5872015,-0.18296172,1.4766053,-0.7812221,-1.2656336,19.861507,0.65163606,0.51009375,-0.4389863,0.78037035,0.6172494,-0.4389863,0.91434455,0.7180971,-0.4389863,1.0525259,0.8088267,-0.4389863
0.68721795,0.5351835,-0.46437156,0.82481897,-0.56348693,0.046432283,0.55133677,0.81979144,0.15482122,-0.12530452,-0.102099665,0.9868507,-0.61849767,-0.20212169,1.5231286,-1.0301088,-0.6463168,20.504421,0.68721795,0.5351835,-0.46437156,0.81709844,0.6414002,-0.46437156,0.9519872,0.740517,-0.46437156,1.09091,0.82879984,-0.46437156
0.7234861,0.5605796,-0.490533,0.96797454,-0.24343364,0.06135906,0.23394649,0.9633436,0.13129267,-0.09107092,-0.11273326,0.98944277,-0.6435403,-0.22826576,1.5698526,-1.6711464,-0.23657407,21.09967,0.7234861,0.5605796,-0.490533,0.85446066,0.6656931,-0.490533,0.9902253,0.7629295,-0.490533,1.1298603,0.84863216,-0.490533
0.7602609,0.5862861,-0.51748335,0.9908107,0.116666846,0.06842989,-0.12261034,0.9883411,0.09026752,-0.05710085,-0.09782825,0.99356365,-0.6585531,-0.25642496,1.6172788,-2.5098033,-0.26597187,21.651077,0.7602609,0.5862861,-0.51748335,0.89228046,0.69013506,-0.51748335,1.0288844,0.78534466,-0.51748335,1.169204,0.86833733,-0.51748335
0.79736334,0.61223906,-0.54523945,0.8801072,0.47024968,0.065394476,-0.47300622,0.88034934,0.035357438,-0.040943164,-0.062050328,0.99723285,-0.66366464,-0.27951524,1.6657445,-3.2239583,-0.81895304,22.183573,0.79736334,0.61223906,-0.54523945,0.9303819,0.7146651,-0.54523945,1.067791,0.80770475,-0.54523945,1.2087685,0.887861,-0.54523945
0.834684,0.6381616,-0.5738182,0.6412918,0.7655757,0.051365126,-0.7653801,0.6429836,-0.027658675,-0.054201756,-0.021576565,0.9982966,-0.6641193,-0.29143962,1.7152466,-3.4881065,-1.7404292,22.739408,0.834684,0.6381616,-0.5738182,0.9686582,0.73900926,-0.5738182,1.1068395,0.82973886,-0.5738182,1.2484503,0.90693605,-0.5738182
0.87225896,0.6638459,-0.60322785,0.30047816,0.9534002,0.027212571,-0.94907063,0.30170444,-0.09076883,-0.0947492,0.0014474168,0.9954998,-0.66890246,-0.29059738,1.7652133,-3.1129618,-2.6445081,23.361324,0.87225896,0.6638459,-0.60322785,1.0071478,0.7629627,-0.60322785,1.1460705,0.8512455,-0.60322785,1.2882905,0.92536455,-0.60322785
0.9103307,0.689123,-0.6334598,-0.09648793,0.9953272,-0.00371366,-0.98481816,-0.09600878,-0.14462155,-0.14430231,-0.010296941,0.98947996,-0.68653584,-0.28197527,1.8144648,-2.1987426,-3.0618455,24.071888,0.9103307,0.689123,-0.6334598,1.0460954,0.78635937,-0.6334598,1.1857303,0.872062,-0.6334598,1.3285372,0.9429879,-0.6334598
0.9491118,0.7139769,-0.6644857,-0.48798072,0.87210876,-0.036070086,-0.8551764,-0.485964,-0.18031129,-0.17477983,-0.05714213,0.98294765,-0.7200142,-0.2758255,1.8618382,-1.2111717,-2.6768355,24.848244,0.9491118,0.7139769,-0.6644857,1.0857158,0.8091865,-0.6644857,1.2260354,0.8921792,-0.6644857,1.3694075,0.9598006,-0.6644857
0.9887773,0.738568,-0.69627035,-0.8039846,0.59128183,-0.06320289,-0.571809,-0.7978983,-0.190769,-0.16322772,-0.11723535,0.9795979,-0.7640906,-0.28261864,1.9070514,-0.7948375,-1.5809832,25.620478,0.9887773,0.738568,-0.69627035,1.1261864,0.83160764,-0.69627035,1.2671639,0.9117639,-0.69627035,1.4110811,0.97597367,-0.69627035
1.0293424,0.7631639,-0.72879255,-0.9782351,0.19245352,-0.07757411,-0.17695527,-0.9689858,-0.17249152,-0.10836481,-0.1550101,0.98195124,-0.80712134,-0.30675533,1.9510903,-1.3693324,-0.34972325,26.308544,1.0293424,0.7631639,-0.72879255,1.1675237,0.8538935,-0.72879255,1.3091345,0.9310907,-0.72879255,1.453577,0.9917856,-0.72879255
1.0705862,0.7879337,-0.7620604,-0.9645458,-0.25365388,-0.07287746,0.26122886,-0.95690626,-0.12684597,-0.037561916,-0.14138643,0.98924136,-0.8368916,-0.34306943,1.9958006,-2.8040473,0.19680203,26.865942,1.0705862,0.7879337,-0.7620604,1.2095089,0.87621653,-0.7620604,1.3517289,0.95033556,-0.7620604,1.4966786,1.0074167,-0.7620604
1.1121736,0.812841,-0.79610896,-0.7530776,-0.65627176,-0.046705544,0.65791875,-0.75071883,-0.059699647,0.0041164625,-0.075686924,0.9971231,-0.84796804,-0.3783673,2.0426962,-4.3582273,-0.51297575,27.322927,1.1121736,0.812841,-0.79610896,1.2518085,0.89854366,-0.79610896,1.3946154,0.96946955,-0.79610896,1.5400542,1.0228423,-0.79610896
1.1539073,0.837606,-0.8309766,-0.3788485,-0.9254569,-0.001791182,0.9252826,-0.37881348,0.01876669,-0.01804629,0.005452381,0.999822,-0.84665734,-0.39840984,2.0918157,-4.9792156,-2.2846491,27.794546,1.1539073,0.837606,-0.8309766,1.2942269,0.9205987,-0.8309766,1.4375991,0.9882201,-0.8309766,1.5835104,1.0377942,-0.8309766
1.1958504,0.86189634,-0.86667717,0.08317263,-0.995114,0.053201206,0.99163026,0.087935485,0.09453437,-0.09875075,0.044893265,0.994099,-0.8492091,-0.39809242,2.1416605,-3.9924102,-4.045598,28.417988,1.1958504,0.86189634,-0.86667717,1.3368279,0.9420526,-0.86667717,1.4807451,1.0062623,-0.86667717,1.6271127,1.0519519,-0.86667717
1.238294,0.88548684,-0.9031868,0.53356355,-0.83920187,0.10511723,0.82515043,0.5437957,0.15301177,-0.18557012,0.0050959885,0.9826175,-0.87138784,-0.38783115,2.1901824,-1.8401349,-4.4242625,29.250616,1.238294,0.88548684,-0.9031868,1.3799047,0.96268404,-0.9031868,1.5243473,1.0233788,-0.9031868,1.6711557,1.0651027,-0.9031868
1.2815838,0.90855753,-0.9404594,0.8665701,-0.47910967,0.1396765,0.45305654,0.87262255,0.18239768,-0.20927341,-0.09477909,0.9732527,-0.91498166,-0.38899463,2.2361162,-0.09699121,-2.8073158,30.185596,1.2815838,0.90855753,-0.9404594,1.4238038,0.98267657,-0.9404594,1.5687535,1.0397577,-0.9404594,1.7159882,1.0774391,-0.9404594
1.3258365,0.93153316,-0.97845924,0.98960286,0.012566741,0.14327556,-0.03800769,0.98361194,0.1762459,-0.13871273,-0.17985904,0.973863,-0.96189,-0.417645,2.2801201,-0.41616198,-0.122815475,31.004145,1.3258365,0.93153316,-0.97845924,1.4686434,1.002459,-0.97845924,1.6140822,1.0558318,-0.97845924,1.7617291,1.0893986,-0.97845924
1.3706505,0.9547402,-1.0171931,0.85080093,0.51461357,0.106348306,-0.5251171,0.8402047,0.13530459,-0.019724801,-0.17096265,0.98507965,-0.98503304,-0.46750218,2.3247259,-3.0825896,1.4673418,31.536163,1.3706505,0.9547402,-1.0171931,1.5140227,1.0223616,-1.0171931,1.659934,1.0719358,-1.0171931,1.8079796,1.1013207,-1.0171931
1.4154259,0.9780786,-1.0567126,0.4712003,0.8815255,0.029716428,-0.8809006,0.4686302,0.06633131,0.044546727,-0.05743255,0.99735504,-0.97235316,-0.50882655,2.3724627,-6.3025627,0.12679999,31.827284,1.4154259,0.9780786,-1.0567126,1.5593431,1.0422883,-1.0567126,1.7057108,1.0879779,-1.0567126,1.8541422,1.1131189,-1.0567126
1.4598227,1.0008997,-1.0970738,-0.04456398,0.9963907,-0.07224777,-0.9987571,-0.046052195,-0.019064723,-0.022323083,0.071308374,0.99720454,-0.9439981,-0.51070285,2.423494,-7.188457,-3.6961303,32.197506,1.4598227,1.0008997,-1.0970738,1.6042652,1.0615945,-1.0970738,1.7510736,1.1033183,-1.0970738,1.8998789,1.1241577,-1.0970738
1.5041871,1.022479,-1.1382782,-0.5437167,0.82120025,-0.17321162,-0.8191314,-0.56418484,-0.10353421,-0.18274568,0.0855898,0.9794276,-0.9425853,-0.47162944,2.4742472,-4.268805,-6.8614745,33.01032,1.5041871,1.022479,-1.1382782,1.6491368,1.0795603,-1.1382782,1.7963715,1.1172416,-1.1382782,1.9455384,1.1337268,-1.1382782
1.5494616,1.0426278,-1.180238,-0.88276076,0.40293324,-0.24161588,-0.37062258,-0.91328675,-0.16895626,-0.28874266,-0.059599657,0.9555499,-0.99678594,-0.4307284,2.5189886,0.39089146,-5.9310265,34.328625,1.5494616,1.0426278,-1.180238,1.6949004,1.0960006,-1.180238,1.8425473,1.1295674,-1.180238,1.9920648,1.1416509,-1.180238
1.5963057,1.0621032,-1.2228191,-0.9560061,-0.15236264,-0.25067493,0.20597509,-0.95710003,-0.20379837,-0.20886973,-0.24646528,0.9463764,-1.087111,-0.4402646,2.5554256,2.0932856,-0.8588718,35.72159,1.5963057,1.0621032,-1.2228191,1.7422171,1.1116773,-1.2228191,1.8902626,1.1410623,-1.2228191,2.0401196,1.1487017,-1.2228191
1.6443956,1.0819688,-1.2659547,-0.70630544,-0.6839538,-0.18259153,0.7077187,-0.67627347,-0.20442191,0.016333371,-0.27360776,0.9617022,-1.1520522,-0.5140647,2.588442,-2.0410955,3.7280161,36.594013,1.6443956,1.0819688,-1.2659547,1.7907633,1.1276584,-1.2659547,1.9391947,1.1527994,-1.2659547,2.0893807,1.1559572,-1.2659547
1.6925755,1.1025414,-1.3097224,-0.17996532,-0.9830174,-0.035905458,0.970185,-0.17135546,-0.17140123,0.16233781,-0.0656812,0.9845466,-1.1425575,-0.6012793,2.6271913,-8.98425,2.2605243,36.846104,1.6925755,1.1025414,-1.3097224,1.8393838,1.1442653,-1.3097224,1.9881891,1.1651046,-1.3097224,2.1386945,1.1637487,-1.3097224
1.739896,1.1228266,-1.3542852,0.41798997,-0.89453715,0.15839079,0.9079208,0.40538755,-0.106493175,0.031052448,0.18831936,0.9816168,-1.0812277,-0.6236932,2.6760192,-11.268914,-5.396166,37.13795,1.739896,1.1228266,-1.3542852,1.8871307,1.1605079,-1.3542852,2.0362978,1.1769931,-1.3542852,2.1871128,1.1710963,-1.3542852
1.7868499,1.1414489,-1.3996968,0.81916535,-0.4622107,0.33960086,0.496823,0.8676757,-0.017465234,-0.28659093,0.18302847,0.9404071,-1.0590161,-0.56284446,2.726758,-4.7899265,-11.658041,38.417717,1.7868499,1.1414489,-1.3996968,1.9344968,1.1750157,-1.3996968,2.0840144,1.1870992,-1.3996968,2.2351298,1.1766398,-1.3996968
1.8350592,1.1582166,-1.4457793,0.8881098,0.110064134,0.44625866,-0.16152267,0.9837156,0.07882886,-0.43031538,-0.14208958,0.8914254,-1.1378417,-0.50381577,2.7656586,4.525062,-8.138982,40.744877,1.8350592,1.1582166,-1.4457793,1.9831047,1.1876016,-1.4457793,2.1329618,1.195241,-1.4457793,2.284369,1.1802024,-1.4457793
1.8854135,1.1747851,-1.4922817,0.6321903,0.6404079,0.43613344,-0.7575203,0.62912184,0.17426415,-0.16278106,-0.44054818,0.88284695,-1.2567459,-0.5505043,2.790805,4.969964,3.2191968,42.9986,1.8854135,1.1747851,-1.4922817,2.033845,1.1999261,-1.4922817,2.184031,1.203084,-1.4922817,2.3357217,1.1834549,-1.4922817
1.936445,1.1927654,-1.5391805,0.07326159,0.95511585,0.28703013,-0.96280664,-0.0073162434,0.27009222,0.26006934,-0.2961419,0.9190559,-1.2792782,-0.68395275,2.817639,-6.7710896,8.803613,43.963604,1.936445,1.1927654,-1.5391805,2.0852504,1.2136047,-1.5391805,2.2357557,1.2122488,-1.5391805,2.3877215,1.1880231,-1.5391805
1.9858322,1.2113197,-1.586714,-0.61171544,0.7910079,0.0105231255,-0.7410501,-0.5776353,0.34231883,0.2768554,0.20160358,0.93952495,-1.1695297,-0.7475914,2.8598475,-17.520584,-1.2238778,44.129196,1.9858322,1.2113197,-1.586714,2.1349993,1.2278049,-1.586714,2.2858143,1.2219081,-1.586714,2.4380472,1.1930852,-1.586714
2.0335417,1.2274983,-1.6350181,-0.9415771,0.12929729,-0.31099,-0.2392123,-0.9067419,0.34727016,-0.23708656,0.40137425,0.88469684,-1.0871439,-0.64053714,2.9071007,-11.292316,-16.53299,45.61207,2.0335417,1.2274983,-1.6350181,2.1830592,1.2395818,-1.6350181,2.3341746,1.2291224,-1.6350181,2.486667,1.1957068,-1.6350181
2.082714,1.240191,-1.6837556,-0.65016127,-0.52031314,-0.5536827,0.44942722,-0.8509301,0.27190655,-0.6126218,-0.07205699,0.78708434,-1.1965634,-0.5005654,2.931241,6.6489325,-15.442553,49.318485,2.082714,1.240191,-1.6837556,2.2325711,1.2478304,-1.6837556,2.3839784,1.2327918,-1.6837556,2.5367231,1.1947935,-1.6837556
2.1355753,1.2522409,-1.7323534,-0.08646236,-0.7508507,-0.6547881,0.96951675,-0.21466452,0.118136376,-0.22926253,-0.62461376,0.74652267,-1.4096241,-0.5513305,2.9232244,11.134904,3.805016,53.405018,2.1355753,1.2522409,-1.7323534,2.2857614,1.2553988,-1.7323534,2.437452,1.2357696,-1.7323534,2.590442,1.1932036,-1.7323534
2.1899867,1.2670639,-1.7806401,0.44980067,-0.656533,-0.6055108,0.75650716,0.6404357,-0.13243325,0.4747377,-0.39850473,0.78474045,-1.4572716,-0.78553206,2.909996,-7.6029353,14.319655,55.33041,2.1899867,1.2670639,-1.7806401,2.340492,1.265708,-1.7806401,2.4924579,1.2414823,-1.7806401,2.6456861,1.1943688,-1.7806401
2.2415361,1.283736,-1.8289485,0.9011842,-0.17861775,-0.39492026,-0.018510923,0.8944475,-0.4467889,0.43304,0.4099496,0.8027559,-1.2489631,-0.9089123,2.9185634,-23.657618,-2.4753783,56.32553,2.2415361,1.283736,-1.8289485,2.3923512,1.2778392,-1.8289485,2.544584,1.2490163,-1.8289485,2.6980448,1.1973813,-1.8289485
2.2898707,1.2971838,-1.8775475,0.7240662,0.6820586,-0.102584094,-0.5430875,0.47209686,-0.6943917,-0.4251863,0.558498,0.7122471,-1.0848767,-0.7211273,2.9362507,-10.1641035,-22.361937,59.677788,2.2898707,1.2971838,-1.8775475,2.4409862,1.2867243,-1.8775475,2.5934784,1.2533088,-1.8775475,2.747165,1.1971831,-1.8775475
2.340199,1.3057909,-1.9260285,-0.28929123,0.94943565,0.121993005,-0.6096956,-0.08450794,-0.7881175,-0.7379577,-0.30237398,0.6033139,-1.2605897,-0.5078727,2.920595,11.171115,-12.28804,65.03606,2.340199,1.3057909,-1.9260285,2.4916062,1.2907523,-1.9260285,2.644351,1.252754,-1.9260285,2.7982574,1.1921737,-1.9260285
2.3952508,1.3146029,-1.9737425,-0.9449823,0.12335188,0.30297312,-0.3122313,-0.6163685,-0.72291183,0.09757054,-0.77773654,0.62097156,-1.5260236,-0.6427673,2.8720753,4.8687234,11.094685,68.27733,2.3952508,1.3146029,-1.9737425,2.5469415,1.2949737,-1.9737425,2.6999314,1.2524077,-1.9737425,2.8540516,1.1874142,-1.9737425
2.4501874,1.3272924,-2.0208585,-0.51427156,-0.66899925,0.5366234,0.45518035,-0.743221,-0.49034002,0.7268669,-0.00790745,0.68673265,-1.445402,-0.92396945,2.8427908,-18.985836,9.715668,67.94543,2.4501874,1.3272924,-2.0208585,2.6021533,1.3030667,-2.0208585,2.7553816,1.2559533,-2.0208585,2.9097104,1.186593,-2.0208585
2.5005512,1.3395076,-2.067989,0.16535772,-0.6241561,0.7636006,0.98400176,0.05235295,-0.17029306,0.0663127,0.77954364,0.62282765,-1.1717337,-0.8734636,2.8511736,-22.024652,-12.931076,68.601074,2.5005512,1.3395076,-2.067989,2.652784,1.3106847,-2.067989,2.8062449,1.2590497,-2.067989,2.9607759,1.1853743,-2.067989
2.550346,1.3459666,-2.1148915,0.41715312,-0.19114314,0.8885087,0.3180102,0.94652987,0.054319933,-0.85138285,0.2598951,0.45563337,-1.2091404,-0.58212405,2.8243837,-2.0332317,-19.688066,72.35023,2.550346,1.3459666,-2.1148915,2.7028382,1.312551,-2.1148915,2.8565247,1.2564254,-2.1148915,3.0112536,1.1784914,-2.1148915
2.605269,1.3499564,-2.1605194,0.33620983,0.25419945,0.9068328,-0.80404407,0.57884395,0.13584167,-0.49038377,-0.7748048,0.39900053,-1.5217,-0.5693581,2.739842,6.1951313,-2.009622,76.20571,2.605269,1.3499564,-2.1605194,2.7580137,1.3119581,-2.1605194,2.91192,1.2513778,-2.1605194,3.0668414,1.1692467,-2.1605194
2.6628854,1.3578476,-2.204563,-0.14541909,0.5702703,0.80848324,-0.7803743,-0.56842977,0.26058337,0.60816884,-0.5930257,0.5276847,-1.5929703,-0.8770295,2.6534324,-10.340732,8.135385,76.78463,2.6628854,1.3578476,-2.204563,2.8158753,1.3152815,-2.204563,2.9699955,1.250288,-2.204563,3.125105,1.164026,-2.204563
2.716251,1.3680921,-2.2478886,-0.79941434,0.16591121,0.5774167,0.20713608,-0.8260649,0.52412915,0.5639426,0.5386002,0.62600154,-1.3113383,-0.9799266,2.6210544,-22.081413,-7.421337,75.48351,2.716251,1.3680921,-2.2478886,2.8694792,1.3209786,-2.2478886,3.023808,1.2516184,-2.2478886,3.1790996,1.1612974,-2.2478886
2.7663324,1.3733449,-2.2910244,-0.51632607,-0.7859211,0.34019905,0.6360011,-0.08586973,0.7668956,-0.57350665,0.61233515,0.5441835,-1.2096386,-0.70257473,2.6039038,-6.879562,-21.135357,76.59475,2.7663324,1.3733449,-2.2910244,2.9197931,1.3217099,-2.2910244,3.0743241,1.2480345,-2.2910244,3.2297947,1.15373,-2.2910244
2.8207276,1.3739524,-2.3333158,0.6659765,-0.7153407,0.21157183,0.22751413,0.46488148,0.8556415,-0.71043104,-0.5217017,0.4723503,-1.5042804,-0.58453757,2.5443058,9.056139,-6.152797,79.86886,2.8207276,1.3739524,-2.3333158,2.974414,1.3178267,-2.3333158,3.129143,1.2398927,-2.3333158,3.2847874,1.1416858,-2.3333158
2.8794127,1.3777616,-2.3742905,0.842984,0.5368068,0.034871593,-0.33270216,0.46932974,0.8179478,0.4227137,-0.7011189,0.57423437,-1.6467588,-0.8748726,2.4729326,-5.316554,12.103556,80.44073,2.8794127,1.3777616,-2.3742905,3.033319,1.3171813,-2.3742905,3.1882403,1.2350502,-2.3742905,3.3440545,1.1330264,-2.3742905
2.9344056,1.3850065,-2.414684,-0.2987924,0.89649415,-0.32714087,-0.728827,0.0069304705,0.6846626,0.6160634,0.44300094,0.65131813,-1.3748435,-1.0253327,2.449213,-25.24795,-1.0291907,78.60973,2.9344056,1.3850065,-2.414684,3.0885258,1.320013,-2.414684,3.2436352,1.233751,-2.414684,3.3996146,1.1280004,-2.414684
2.985217,1.3876595,-2.4549859,-0.73517066,-0.07896502,-0.67326707,-0.41029185,-0.73877877,0.53466475,-0.5396152,0.6693058,0.51072955,-1.2272403,-0.7434292,2.438901,-14.046443,-22.077507,79.92808,2.985217,1.3876595,-2.4549859,3.139546,1.3182993,-2.4549859,3.2948375,1.2279783,-2.4549859,3.4509788,1.1185948,-2.4549859
3.0399027,1.3847668,-2.4943397,0.02799362,-0.590803,-0.8063299,0.61596286,-0.6251082,0.47940525,-0.7872775,-0.5100897,0.34641355,-1.5344299,-0.5658143,2.3666768,5.989988,-13.024187,84.45374,3.0399027,1.3847668,-2.4943397,3.1944337,1.3110914,-2.4943397,3.3499043,1.216787,-2.4943397,3.506203,1.1038697,-2.4943397
3.0999558,1.3845382,-2.5318065,0.5506302,-0.114065856,-0.8269192,0.7207992,0.5646025,0.40208519,0.42101645,-0.8174429,0.39310575,-1.7537866,-0.87155765,2.2559721,-1.8844873,5.8292603,87.1386,3.0999558,1.3845382,-2.5318065,3.2546847,1.3066041,-2.5318065,3.410329,1.2083973,-2.5318065,3.5667818,1.0920489,-2.5318065
3.156999,1.389096,-2.5678582,0.35259545,0.35342616,-0.86646765,-0.52616304,0.84058005,0.12875293,0.77384025,0.41050553,0.4823445,-1.46511,-1.1143548,2.186426,-19.21751,-0.791427,86.87391,3.156999,1.389096,-2.5678582,3.3119204,1.3069649,-2.5678582,3.4677346,1.204941,-2.5678582,3.6243374,1.0852687,-2.5678582
3.208414,1.3899517,-2.6032279,-0.034169436,0.40556908,-0.9134253,-0.8832488,-0.43992427,-0.16228983,-0.46765766,0.8012366,0.37325025,-1.2176262,-0.826961,2.1443453,-12.878488,-16.382673,87.88049,3.208414,1.3899517,-2.6032279,3.3635235,1.3036897,-2.6032279,3.5195029,1.197939,-2.6032279,3.6762526,1.0750539,-2.6032279
3.2627683,1.3840189,-2.637249,-0.3225758,0.090280235,-0.94222826,0.40859047,-0.8846402,-0.22464502,-0.85381407,-0.45745057,0.24847573,-1.5173007,-0.561129,2.0445414,1.1608814,-9.35235,90.751114,3.2627683,1.3840189,-2.637249,3.4180598,1.293698,-2.637249,3.574201,1.1843144,-2.637249,3.7310944,1.0583313,-2.637249
3.3233476,1.3799772,-2.6689777,-0.07294344,-0.435355,-0.8972988,0.9068498,0.34550297,-0.24135238,0.41509345,-0.83132035,0.36959946,-1.7990487,-0.8561329,1.9055744,-7.4598823,4.261532,91.30608,3.3233476,1.3799772,-2.6689777,3.4788182,1.2856728,-2.6689777,3.6351168,1.1727555,-2.6689777,3.79215,1.0437933,-2.6689777
3.3813937,1.3813112,-2.6990879,0.66629124,-0.23091711,-0.70903635,-0.19797008,0.8619455,-0.4667515,0.7189319,0.4513606,0.5285923,-1.5094568,-1.1416107,1.831073,-21.091564,-6.089185,89.43053,3.3813937,1.3813112,-2.6990879,3.537038,1.2831043,-2.6990879,3.6934907,1.1667559,-2.6990879,3.8506608,1.034937,-2.6990879
3.4336245,1.3791084,-2.7287376,0.44716537,0.7290123,-0.5182508,-0.6823028,-0.09663832,-0.7246543,-0.57836485,0.6776444,0.45419377,-1.2532085,-0.83922637,1.8060031,-8.567495,-19.72443,89.401726,3.4336245,1.3791084,-2.7287376,3.5894387,1.2770846,-2.7287376,3.7460415,1.1574123,-2.7287376,3.903345,1.0228629,-2.7287376
3.4892864,1.3704469,-2.7573912,-0.7278933,0.50775194,-0.46082446,0.08691828,-0.5983138,-0.79653347,-0.6801591,-0.6198454,0.3913753,-1.5885736,-0.6029866,1.7277566,5.3934774,-4.86062,91.645706,3.4892864,1.3704469,-2.7573912,3.6452658,1.2646962,-2.7573912,3.8020155,1.1418111,-2.7573912,3.95945,1.00466,-2.7573912
3.5504603,1.3647658,-2.7843173,-0.5069958,-0.81037635,-0.29367554,0.61690813,-0.103202164,-0.7802394,0.6019797,-0.5767489,0.5522507,-1.8027221,-0.9492728,1.627155,-11.722455,9.55789,90.86125,3.5504603,1.3647658,-2.7843173,3.7066016,1.2553822,-2.7843173,3.8634949,1.1293991,-2.7843173,4.0210567,0.9897795,-2.7843173
3.6076481,1.3631798,-2.8105063,0.82347256,-0.55405647,0.12212453,0.4296936,0.46848798,-0.7719342,0.3704813,0.6881427,0.62386155,-1.4600474,-1.1174574,1.6016724,-25.738882,-9.71228,88.34607,3.6076481,1.3631798,-2.8105063,3.7639468,1.2502625,-2.8105063,3.92098,1.1213003,-2.8105063,4.0786667,0.97934747,-2.8105063
3.6611302,1.3562015,-2.8366086,0.48370066,0.756177,0.44071466,-0.22161442,0.5929461,-0.7741456,-0.84671134,0.27678624,0.45438826,-1.3681545,-0.7559036,1.588326,-4.7557535,-23.276245,90.65407,3.6611302,1.3562015,-2.8366086,3.8175828,1.2398531,-2.8366086,3.974753,1.1080343,-2.8366086,4.1325617,0.96388656,-2.8366086
3.7201989,1.3455203,-2.8615513,-0.7428041,0.4206952,0.52082384,-0.6279428,-0.16794205,-0.75992304,-0.23222783,-0.89152163,0.38892043,-1.7626928,-0.7210182,1.502115,6.7105455,-1.8041477,95.18394,3.7201989,1.3455203,-2.8615513,3.8768017,1.225848,-2.8615513,4.0341053,1.0912986,-2.8615513,4.192034,0.9450976,-2.8615513
3.7815802,1.3401967,-2.8848672,-0.44409716,-0.6204925,0.6463488,0.24389206,-0.7778655,-0.5791734,0.86214525,-0.09956996,0.49678123,-1.7408562,-1.1176687,1.4156475,-14.765969,7.3338876,95.97028,3.7815802,1.3401967,-2.8848672,3.93833,1.2173116,-2.8848672,4.095764,1.0801605,-2.8848672,4.25381,0.93205035,-2.8848672
3.8367286,1.3353535,-2.907542,0.36432126,-0.36165372,0.858182,0.92586446,0.23983344,-0.2919841,-0.10022378,0.90093637,0.42221868,-1.3688283,-1.018048,1.3879368,-21.046705,-13.069305,96.28878,3.8367286,1.3353535,-2.907542,3.9936218,1.2093704,-2.907542,4.1511836,1.0697508,-2.907542,4.309344,0.91987735,-2.907542
3.892235,1.32323,-2.9292815,0.15456857,0.26225078,0.95254016,-0.27184188,0.93820226,-0.21419157,-0.94984746,-0.22583301,0.21630737,-1.558201,-0.66827905,1.3082815,-2.8857343,-16.073032,99.861115,3.892235,1.32323,-2.9292815,4.0492682,1.1942679,-2.9292815,4.206955,1.052315,-2.9292815,4.365227,0.9008275,-2.9292815
3.9544923,1.3119891,-2.948676,-0.31350154,0.16515684,0.935115,-0.89497995,-0.38052127,-0.23283973,0.31737605,-0.90990484,0.26710612,-1.8759317,-0.9167675,1.1625042,-3.851633,0.38778323,101.298485,3.9544923,1.3119891,-2.948676,4.1116624,1.1801702,-2.948676,4.269471,1.0360224,-2.948676,4.4278526,0.8830725,-2.948676
4.014268,1.306567,-2.9661717,-0.35565984,-0.1958138,0.9138725,0.4879705,-0.8728553,0.0028826445,0.797114,0.44696808,0.40599066,-1.5856992,-1.1874095,1.071202,-18.257298,-3.7145274,99.35506,4.014268,1.306567,-2.9661717,4.1715717,1.1720176,-2.9661717,4.3295,1.0258167,-2.9661717,4.4879894,0.8715566,-2.9661717
4.068342,1.2969854,-2.982813,-0.03360393,-0.39424086,0.91839254,0.78805554,0.5547094,0.26695648,-0.61468625,0.73271513,0.29204324,-1.3839087,-0.8575957,1.0145853,-11.178975,-15.897179,98.64215,4.068342,1.2969854,-2.982813,4.2257767,1.1598343,-2.982813,4.3838224,1.0117241,-2.982813,4.5424156,0.8563095,-2.982813
4.1271057,1.281697,-2.9977045,0.32520103,-0.047629565,0.9444446,-0.6541904,0.7098482,0.26105624,-0.68284637,-0.7027424,0.19968456,-1.75148,-0.7118439,0.8893754,-1.0957735,-6.3838716,100.0306,4.1271057,1.281697,-2.9977045,4.2846675,1.1420774,-2.9977045,4.4428277,0.992204,-2.9977045,4.6015244,0.835791,-2.9977045
4.190328,1.271279,-3.0101666,-0.10101485,0.46926278,0.8772617,-0.67481893,-0.6802403,0.28616863,0.73103696,-0.5630857,0.38538152,-1.840309,-1.0930984,0.7583247,-13.206698,1.9856297,99.06052,4.190328,1.271279,-3.0101666,4.348015,1.1293261,-3.0101666,4.506287,0.97783864,-3.0101666,4.665084,0.82058567,-3.0101666
4.2476716,1.2637502,-3.021502,-0.73127735,-0.09753692,0.67507035,0.58777577,-0.59225005,0.55114377,0.34605354,0.799829,0.49042863,-1.4688302,-1.112068,0.7082077,-19.395048,-12.932401,96.71163,4.2476716,1.2637502,-3.021502,4.4054804,1.1196024,-3.021502,4.563862,0.9666525,-3.021502,4.722758,0.8087183,-3.021502
4.303156,1.249311,-3.0322223,0.05079657,-0.8284297,0.55778456,0.4134724,0.5258373,0.7433271,-0.9090984,0.19286996,0.36924356,-1.5443516,-0.74936056,0.65430087,-1.2185516,-16.942991,97.46943,4.303156,1.249311,-3.0322223,4.4610844,1.1031101,-3.0322223,4.6195736,0.94885,-3.0322223,4.778566,0.79039514,-3.0322223
4.3655853,1.2338928,-3.0412111,0.8386069,0.16571341,0.51891905,-0.5391918,0.38808584,0.74743634,-0.07752502,-0.90660244,0.41480288,-1.8894324,-0.8970667,0.5440366,-0.14879803,3.960802,98.31154,4.3655853,1.2338928,-3.0412111,4.523631,1.0857826,-3.0412111,4.6822243,0.930368,-3.0412111,4.8413115,0.77155435,-3.0412111
4.4272685,1.2248335,-3.0488162,-0.32137638,0.919437,0.22661164,-0.5300742,-0.37297052,0.76152104,0.78469014,0.12461388,0.60723364,-1.6895704,-1.1974273,0.48407483,-23.006907,1.4852397,95.13661,4.4272685,1.2248335,-3.0488162,4.5854287,1.07496,-3.0488162,4.7441254,0.91854703,-3.0488162,4.903305,0.7595371,-3.0488162
4.48291,1.2131655,-3.0563073,-0.9055862,-0.37838164,-0.19167939,0.06629619,-0.5726125,0.81714106,-0.41894922,0.7272841,0.543635,-1.4613664,-0.9349696,0.47534004,-16.44534,-22.915491,94.07014,4.48291,1.2131655,-3.0563073,4.6411824,1.061678,-3.0563073,4.799979,0.9044251,-3.0563073,4.9592495,0.7453816,-3.0563073
4.5425043,1.1955531,-3.0630178,0.4781688,-0.8060064,-0.34886676,0.52377933,-0.057144985,0.849935,-0.704989,-0.5891418,0.39484444,-1.8009967,-0.764928,0.4063901,7.225342,-12.649327,98.021095,4.5425043,1.1955531,-3.0630178,4.700886,1.0426031,-3.0630178,4.8597817,0.88466895,-3.0630178,5.019141,0.72575516,-3.0630178
4.6070805,1.1827152,-3.0679555,0.7430112,0.4971797,-0.44804764,0.007869229,0.66291225,0.7486557,0.6692327,-0.55978537,0.48863882,-1.913461,-1.149545,0.31254566,-7.0248775,9.04552,100.09704,4.6070805,1.1827152,-3.0679555,4.7655697,1.028455,-3.0679555,4.924562,0.87000024,-3.0679555,5.0840087,0.71138024,-3.0679555
4.665782,1.1734902,-3.0721183,-0.35795054,0.593674,-0.7207097,-0.87959164,0.044637024,0.47363055,0.31335258,0.80346656,0.5062129,-1.5342253,-1.1720167,0.28824311,-25.110085,-7.825976,99.01672,4.665782,1.1734902,-3.0721183,4.824375,1.0180755,-3.0721183,4.9834623,0.8592619,-3.0721183,5.1429954,0.70109856,-3.0721183
4.7224984,1.1571896,-3.0758076,-0.3202554,-0.2841791,-0.9037027,-0.067556,-0.9446663,0.32100108,-0.9449193,0.16385284,0.28333628,-1.609314,-0.7686559,0.2331287,-6.9784784,-21.18618,100.196976,4.7224984,1.1571896,-3.0758076,4.881195,1.0007766,-3.0758076,5.0403748,0.8417667,-3.0758076,5.199991,0.68422455,-3.0758076
4.7865224,1.1394521,-3.077395,0.34256983,-0.24035868,-0.90822536,0.93787646,0.030821204,0.34559727,-0.055074573,-0.9701946,0.2359851,-2.016468,-0.9066702,0.0918591,0.93196887,-3.5401914,102.292175,4.7865224,1.1394521,-3.077395,4.945319,0.98219913,-3.077395,5.1045895,0.82315564,-3.077395,5.264289,0.666397,-3.077395
4.8508034,1.1288916,-3.0767245,0.35625976,0.22955093,-0.90575117,-0.17267057,0.96883184,0.17762128,0.9182939,0.09311723,0.38479257,-1.8299468,-1.2955765,-0.021514758,-15.298894,-0.084357075,100.6765,4.8508034,1.1288916,-3.0767245,5.0096993,0.9709574,-3.0767245,5.169059,0.8120436,-3.0767245,5.328839,0.6562324,-3.0767245
4.907957,1.1174138,-3.0750432,0.025524795,0.34737968,-0.9373771,-0.9583026,-0.25846112,-0.121876925,-0.284613,0.90140176,0.32629764,-1.4791564,-1.0635056,-0.07580222,-14.702239,-14.722958,98.8985,4.907957,1.1174138,-3.0750432,5.0669494,0.958959,-3.0750432,5.226396,0.800339,-3.0750432,5.3862553,0.64563715,-3.0750432
4.9668846,1.0987792,-3.071937,-0.23160708,0.093692005,-0.968287,0.37187853,-0.91122687,-0.17712133,-0.898924,-0.40110773,0.17620414,-1.7625105,-0.7353501,-0.18548283,-1.2214566,-10.965883,100.161446,4.9668846,1.0987792,-3.071937,5.125972,0.9399656,-3.071937,5.285505,0.7818023,-3.071937,5.4454412,0.6283714,-3.071937
5.0327454,1.0825409,-3.0662508,0.0049903244,-0.32549572,-0.9455303,0.8797159,0.45101458,-0.15061727,0.47547328,-0.83104646,0.28859442,-2.066744,-1.05833,-0.34139037,-7.8676987,0.9876484,99.990166,5.0327454,1.0825409,-3.0662508,5.191925,0.92353094,-3.0662508,5.3515415,0.76598877,-3.0662508,5.5115542,0.61398876,-3.0662508
5.0953817,1.0727752,-3.0587072,0.58185536,-0.04869537,-0.81183296,-0.45065743,0.81164205,-0.37167826,0.6770169,0.5821216,0.45031345,-1.713196,-1.3212062,-0.42589083,-18.594997,-8.556772,97.9494,5.0953817,1.0727752,-3.0587072,5.254652,0.9137318,-3.0587072,5.4143515,0.75697315,-3.0587072,5.574439,0.6065637,-3.0587072
5.1522317,1.0588404,-3.0504913,0.18065447,0.69480234,-0.696142,-0.63852423,-0.45550123,-0.6203269,-0.7480981,0.5565684,0.36135972,-1.5215292,-0.9375266,-0.4689096,-5.7900367,-18.380243,98.04243,5.1522317,1.0588404,-3.0504913,5.311591,0.8999266,-3.0504913,5.471371,0.7441154,-3.0504913,5.631532,0.5954542,-3.0504913
5.214296,1.0398382,-3.0408154,-0.71362174,0.12875587,-0.688597,0.52750736,-0.5480324,-0.64915055,-0.46095544,-0.82648796,0.32316822,-1.9436059,-0.8088622,-0.5784393,2.2799737,-2.2752092,99.53708,5.214296,1.0398382,-3.0408154,5.3737426,0.8812182,-3.0408154,5.5336018,0.72651637,-3.0408154,5.693835,0.57975966,-3.0408154
5.280551,1.0267347,-3.0290775,0.04278279,-0.8530241,-0.52011466,0.5935129,0.44047546,-0.67359006,0.8036865,-0.27987662,0.52512556,-2.007382,-1.2418634,-0.6901955,-17.106993,3.5529127,97.508804,5.280551,1.0267347,-3.0290775,5.440084,0.8685714,-3.0290775,5.6000204,0.7151405,-3.0290775,5.760324,0.5704435,-3.0290775
5.340645,1.0165714,-3.0165925,0.98474634,0.11310506,-0.13221885,-0.17319876,0.56453973,-0.80702984,-0.016636357,0.8176198,0.57551813,-1.5961522,-1.22587,-0.71586186,-19.60346,-19.011396,94.96034,5.340645,1.0165714,-3.0165925,5.5002613,0.85902923,-3.0165925,5.660274,0.7070292,-3.0165925,5.8206472,0.5645441,-3.0165925
5.3996716,0.99998975,-3.0038218,-0.21188913,0.9732814,0.08846578,-0.43496716,-0.012857854,-0.9003544,-0.8751608,-0.22925496,0.4260698,-1.7237934,-0.83412886,-0.74722993,5.0075274,-17.99718,97.30181,5.3996716,0.99998975,-3.0038218,5.559371,0.8432311,-3.0038218,5.7194586,0.6928216,-3.0038218,5.8799,0.5526995,-3.0038218
