err_x,err_y,err_z,rot_x_1,rot_x_2,rot_x_3,rot_y_1,rot_y_2,rot_y_3,rot_z_1,rot_z_2,rot_z_3,root_linvels_x,root_linvels_y,root_linvels_z,root_angvels_x,root_angvels_y,root_angvels_z,relative_pos0_x,relative_pos0_y,relative_pos0_z,relative_pos1_x,relative_pos1_y,relative_pos1_z,relative_pos2_x,relative_pos2_y,relative_pos2_z,relative_pos3_x,relative_pos3_y,relative_pos3_z
0.0,0.0,0.0,0.0,0.0,0.0,0.0,0.0,0.0,0.0,0.0,0.0,0.0,0.0,0.0,0.0,0.0,0.0,0.0,0.0,0.0,0.0,0.0,0.0,0.0,0.0,0.0,0.0,0.0,0.0
0.0010591921,0.0010897095,-0.042649984,0.99994105,0.010799138,0.0011757422,-0.010797197,0.9999403,-0.0016450387,-0.0011934371,0.001632247,0.99999785,-0.00023621356,-0.0015871801,0.049469277,-0.09754289,-0.071173444,0.6449466,0.0010591921,0.0010897095,-0.042649984,0.033081632,0.03310611,-0.042649984,0.09768577,0.097560965,-0.042649984,0.18427491,0.18326415,-0.042649984
0.0041573215,0.004195457,-0.044299006,0.9994741,0.032236166,0.0034027263,-0.032219306,0.99946845,-0.00489887,-0.0035588397,0.0047866623,0.9999818,-0.0016136927,-0.0020515812,0.098951004,-0.19190466,-0.13749978,1.2833964,0.0041573215,0.004195457,-0.044299006,0.04384775,0.043871872,-0.044299006,0.11352587,0.11332046,-0.044299006,0.20364562,0.20227957,-0.044299006
0.009097902,0.00909778,-0.04677272,0.99791473,0.06420877,0.00656064,-0.06414343,0.9978931,-0.009726599,-0.007171352,0.009285497,0.999931,-0.0035375794,-0.0008823797,0.14842452,-0.28014418,-0.2031848,1.9188079,0.009097902,0.00909778,-0.04677272,0.055815354,0.055786498,-0.04677272,0.13019544,0.12982857,-0.04677272,0.2236152,0.22175816,-0.04677272
0.015720949,0.015621138,-0.050070643,0.99423736,0.10667464,0.010598055,-0.106496915,0.9941823,-0.01611808,-0.012255791,0.014896539,0.9998138,-0.005429099,0.0017423623,0.19786817,-0.36172464,-0.27436,2.5562878,0.015720949,0.015621138,-0.050070643,0.06889407,0.06874076,-0.050070643,0.14763965,0.14700635,-0.050070643,0.24414857,0.24163558,-0.050070643
0.023930479,0.023615474,-0.054192185,0.98706615,0.15955713,0.015536626,-0.15916064,0.9869586,-0.024084345,-0.01917684,0.021300029,0.9995889,-0.0072803195,0.0053499145,0.24728264,-0.43484598,-0.3577196,3.1990762,0.023930479,0.023615474,-0.054192185,0.08304829,0.08264108,-0.054192185,0.16585429,0.16478623,-0.054192185,0.26525906,0.26185685,-0.054192185
0.033569913,0.032907747,-0.05913675,0.9746791,0.22258748,0.021337165,-0.22181015,0.97450686,-0.033711817,-0.028297042,0.028125405,0.99920374,-0.009836172,0.009634918,0.29668778,-0.5011541,-0.45246744,3.8464124,0.033569913,0.032907747,-0.05913675,0.09817405,0.0973626,-0.05913675,0.1847632,0.18306579,-0.05913675,0.28688642,0.28233075,-0.05913675
0.044542026,0.04338359,-0.06490362,0.95505124,0.29513654,0.027778106,-0.29375073,0.95481557,-0.045141913,-0.039845996,0.034953,0.99859434,-0.014325032,0.014707702,0.34608278,-0.5631532,-0.55137056,4.4943485,0.044542026,0.04338359,-0.06490362,0.11422014,0.11283218,-0.06490362,0.20433989,0.20179129,-0.06490362,0.3090182,0.30301297,-0.06490362
0.056814805,0.054932006,-0.071492314,0.92593455,0.37609953,0.034555905,-0.37381035,0.9256646,-0.058400277,-0.0539515,0.041157488,0.99769485,-0.021947742,0.021014463,0.3953969,-0.6140225,-0.6510421,5.139165,0.056814805,0.054932006,-0.071492314,0.13119489,0.12897408,-0.071492314,0.22461465,0.22090366,-0.071492314,0.33169776,0.32385322,-0.071492314
0.070374176,0.06741325,-0.07889974,0.88495123,0.4638429,0.041362427,-0.46029887,0.88472944,-0.073337786,-0.07061178,0.045861296,0.9964489,-0.033454005,0.028984947,0.44449246,-0.6437697,-0.7490848,5.780259,0.070374176,0.06741325,-0.07889974,0.14911975,0.14567883,-0.07889974,0.24562867,0.24030806,-0.07889974,0.35497767,0.34476396,-0.07889974
0.08519215,0.08073373,-0.087120414,0.8296956,0.5561667,0.04778663,-0.55098563,0.8296763,-0.08973154,-0.08955314,0.04812012,0.99481875,-0.04901094,0.038649995,0.49323255,-0.65235645,-0.8371641,6.420048,0.08519215,0.08073373,-0.087120414,0.16799815,0.16287889,-0.087120414,0.26740292,0.2599495,-0.087120414,0.3788895,0.365697,-0.087120414
0.101263955,0.09480675,-0.0961467,0.75784254,0.650247,0.053413805,-0.6430526,0.7582702,-0.10728069,-0.11026105,0.046954006,0.9927926,-0.06840584,0.04952346,0.5415514,-0.6397215,-0.9110405,7.063073,0.101263955,0.09480675,-0.0961467,0.1878531,0.18050994,-0.0961467,0.28997633,0.2797749,-0.0961467,0.40348157,0.38660505,-0.0961467
0.118607044,0.109513395,-0.1059705,0.6666385,0.743128,0.057911213,-0.7335947,0.6678759,-0.12562008,-0.13202931,0.04125983,0.9903866,-0.0915494,0.06205534,0.58939666,-0.6110256,-0.9677298,7.8167777,0.118607044,0.109513395,-0.1059705,0.2087268,0.1984725,-0.1059705,0.3134051,0.29969418,-0.1059705,0.42881897,0.40740365,-0.1059705
0.13719922,0.12480843,-0.1165849,0.55434865,0.83004355,0.061030526,-0.8179643,0.5568881,-0.14425518,-0.1537253,0.030046899,0.98765635,-0.11849755,0.07219578,0.6369316,-0.545243,-1.0086021,8.475635,0.13719922,0.12480843,-0.1165849,0.23061898,0.21673802,-0.1165849,0.3377021,0.31968758,-0.1165849,0.4549222,0.4280776,-0.1165849
0.15709247,0.14068921,-0.12798357,0.4209304,0.9049448,0.062387705,-0.8903171,0.4253336,-0.16256219,-0.17364542,0.012882546,0.98472375,-0.14968231,0.07985353,0.68406993,-0.47439274,-1.0105706,9.136884,0.15709247,0.14068921,-0.12798357,0.25360137,0.23531844,-0.12798357,0.36295038,0.33977434,-0.12798357,0.48188162,0.44865078,-0.12798357
0.17824443,0.15714921,-0.1401583,0.26718226,0.96168494,0.061445847,-0.94479024,0.27397338,-0.17974979,-0.18969719,-0.010027461,0.9817913,-0.18541595,0.08357001,0.73065656,-0.4153539,-0.9628711,9.795801,0.17824443,0.15714921,-0.1401583,0.2776492,0.25421983,-0.1401583,0.38913578,0.35996732,-0.1401583,0.5096897,0.46914014,-0.1401583
0.20072389,0.17422332,-0.15309823,0.095546044,0.99373686,0.057945758,-0.9751768,0.10512522,-0.19488083,-0.19975185,-0.03788723,0.97911334,-0.22542916,0.08208218,0.7764883,-0.375401,-0.8689927,10.450997,0.20072389,0.17422332,-0.15309823,0.30284712,0.27348828,-0.15309823,0.41635236,0.38031843,-0.15309823,0.53844637,0.4896012,-0.15309823
0.22454253,0.19197989,-0.16679037,-0.089611396,0.99463207,0.051738188,-0.97533923,-0.07711597,-0.20680076,-0.20170082,-0.068993986,0.97701406,-0.2685678,0.074428424,0.82149434,-0.37569976,-0.7257882,11.101551,0.22454253,0.19197989,-0.16679037,0.32922083,0.29320157,-0.16679037,0.4446347,0.40091103,-0.16679037,0.56819177,0.5101209,-0.16679037
0.24965432,0.21044376,-0.18122339,-0.28182888,0.958512,0.04274384,-0.93968266,-0.26674443,-0.2141116,-0.19382688,-0.10050848,0.9758735,-0.31280923,0.060144138,0.8658562,-0.44869816,-0.5372414,11.746538,0.24965432,0.21044376,-0.18122339,0.35673743,0.31339332,-0.18122339,0.47395754,0.42178336,-0.18122339,0.59890574,0.53074104,-0.18122339
0.27603942,0.22968794,-0.19639158,-0.47253478,0.880756,0.03129857,-0.86364615,-0.45569584,-0.21553753,-0.17557338,-0.12887986,0.97599345,-0.35561025,0.03942895,0.9099747,-0.6058326,-0.33726564,12.385927,0.27603942,0.22968794,-0.19639158,0.38538843,0.33414385,-0.19639158,0.50431967,0.44302028,-0.19639158,0.6305917,0.5515495,-0.19639158
0.30357388,0.2497719,-0.21229684,-0.6511346,0.7587459,0.018115073,-0.7443986,-0.63380486,-0.21014762,-0.14796725,-0.15031922,0.9775015,-0.39446312,0.0130751,0.95429826,-0.84394586,-0.17112406,13.016853,0.30357388,0.2497719,-0.21229684,0.41506046,0.35551938,-0.21229684,0.5356144,0.4646922,-0.21229684,0.66314703,0.5726196,-0.21229684
0.3321211,0.27070355,-0.22894824,-0.80536026,0.59277225,0.003983766,-0.5817809,-0.7891024,-0.19709995,-0.11369179,-0.16105413,0.98037505,-0.42727816,-0.017663993,0.9991461,-1.1668843,-0.076464996,13.633172,0.3321211,0.27070355,-0.22894824,0.44562635,0.3775337,-0.22894824,0.56772035,0.48681647,-0.22894824,0.69645464,0.59397215,-0.22894824
0.36156183,0.29251492,-0.24635863,-0.92208755,0.38684812,-0.010154195,-0.3792021,-0.90847504,-0.17572364,-0.077203184,-0.15818208,0.9843874,-0.4525378,-0.05099775,1.0446613,-1.5572433,-0.09432386,14.230925,0.36156183,0.29251492,-0.24635863,0.4769757,0.4002244,-0.24635863,0.60053277,0.5094343,-0.24635863,0.73041326,0.615651,-0.24635863
0.0013262209,0.0016542847,-0.042592406,0.9999334,0.010478733,0.0048244293,-0.010466376,0.9999418,-0.002579626,-0.0048511806,0.0025289601,0.999985,-0.016307712,-0.035377864,0.04603055,-0.15228593,-0.28946042,0.62573934,0.0013262209,0.0016542847,-0.042592406,0.03334866,0.033670686,-0.042592406,0.0979528,0.09812554,-0.042592406,0.18454194,0.18382873,-0.042592406
0.004706638,0.0053246072,-0.044184327,0.99944276,0.03161452,0.010679308,-0.03154275,0.9994788,-0.006823216,-0.010889458,0.0064825616,0.9999194,-0.018464686,-0.035633776,0.095515266,-0.24667619,-0.35585958,1.2639891,0.004706638,0.0053246072,-0.044184327,0.044397067,0.045001023,-0.044184327,0.114075184,0.11444961,-0.044184327,0.20419493,0.20340872,-0.044184327
0.009952394,0.010776247,-0.04660058,0.99784154,0.063310936,0.017418858,-0.063093886,0.997926,-0.012740679,-0.01818936,0.011614159,0.9997668,-0.0219443,-0.03407836,0.14496656,-0.33544356,-0.42071566,1.8989463,0.009952394,0.010776247,-0.04660058,0.056669846,0.057464965,-0.04660058,0.13104993,0.13150704,-0.04660058,0.22446969,0.22343662,-0.04660058
0.016941652,0.01784129,-0.049840212,0.9941025,0.10553082,0.024969382,-0.10503613,0.99425995,-0.020360488,-0.026974717,0.017617725,0.99948084,-0.026172832,-0.030927893,0.1943638,-0.41782734,-0.49051875,2.5358958,0.016941652,0.01784129,-0.049840212,0.07011478,0.07096092,-0.049840212,0.14886035,0.1492265,-0.049840212,0.24536927,0.24385573,-0.049840212
0.025540281,0.026354427,-0.05390215,0.98684335,0.15820187,0.03334647,-0.15724051,0.98711264,-0.029727677,-0.0376197,0.02409315,0.99900144,-0.031149246,-0.026710963,0.24371324,-0.49178532,-0.5732481,3.1781726,0.025540281,0.026354427,-0.05390215,0.084658094,0.08538003,-0.05390215,0.16746409,0.16752519,-0.05390215,0.26686886,0.2645958,-0.05390215
0.03563748,0.0361655,-0.05878532,0.9743339,0.22106442,0.042471144,-0.21937981,0.97477907,-0.040963676,-0.050455596,0.030594992,0.99825746,-0.037631854,-0.021797197,0.29302824,-0.5593353,-0.66651046,3.8249543,0.03563748,0.0361655,-0.05878532,0.10024162,0.10062035,-0.05878532,0.18683076,0.18632354,-0.05878532,0.288954,0.2855885,-0.05878532
0.04715128,0.04715251,-0.06448853,0.954545,0.29348803,0.052038036,-0.29075128,0.95526004,-0.054233357,-0.06562672,0.036638074,0.99717104,-0.046855904,-0.01615698,0.34227443,-0.6233541,-0.7610897,4.4722457,0.04715128,0.04715251,-0.06448853,0.116829395,0.1166011,-0.06448853,0.20694914,0.2055602,-0.06448853,0.31162745,0.3067819,-0.06448853
0.060072556,0.059196837,-0.07100928,0.9252263,0.37436953,0.061674375,-0.37018606,0.9263487,-0.06957241,-0.08317777,0.04153923,0.99566853,-0.060000133,-0.009440457,0.3913271,-0.67685753,-0.8549587,5.1166434,0.060072556,0.059196837,-0.07100928,0.13445264,0.13323891,-0.07100928,0.2278724,0.2251685,-0.07100928,0.3349555,0.32811806,-0.07100928
0.07436435,0.07220451,-0.07834172,0.8839953,0.46207157,0.0710056,-0.45600447,0.88573134,-0.08683035,-0.103013724,0.04437876,0.99368924,-0.077769995,-0.0013270702,0.43999952,-0.7099629,-0.94637775,5.7577705,0.07436435,0.07220451,-0.07834172,0.15310992,0.1504701,-0.07834172,0.24961884,0.24509932,-0.07834172,0.35896784,0.34955522,-0.07834172
0.09003682,0.08604379,-0.08647752,0.8284509,0.5543887,0.0795089,-0.5459998,0.8310827,-0.10575972,-0.1247105,0.044204913,0.9912076,-0.100273006,0.008086951,0.48813152,-0.7235406,-1.0246531,6.398041,0.09003682,0.08604379,-0.08647752,0.17284282,0.16818894,-0.08647752,0.27224758,0.26525956,-0.08647752,0.38373417,0.37100706,-0.08647752
0.10709281,0.10062035,-0.095406055,0.7562814,0.64848435,0.086640745,-0.6373848,0.76017237,-0.12601095,-0.14757803,0.04007625,0.9882382,-0.12721239,0.018186497,0.5356621,-0.71867645,-1.0849609,7.0421224,0.10709281,0.10062035,-0.095406055,0.19368196,0.18632354,-0.095406055,0.2958052,0.2855885,-0.095406055,0.40931043,0.39241865,-0.095406055
0.12555742,0.11589157,-0.10511565,0.66474164,0.7413946,0.09193742,-0.7272962,0.6703538,-0.14719364,-0.17075917,0.030980006,0.9848256,-0.158368,0.029185632,0.5825696,-0.70423114,-1.1274408,7.7886767,0.12555742,0.11589157,-0.10511565,0.21567717,0.20485067,-0.10511565,0.32035547,0.30607235,-0.10511565,0.43576935,0.41378182,-0.10511565
0.14542371,0.13175881,-0.11559701,0.55224407,0.82824737,0.09503725,-0.8110413,0.5601309,-0.16871507,-0.19297117,0.016092807,0.98107207,-0.19365896,0.037157007,0.6289779,-0.6560865,-1.151386,8.449843,0.14542371,0.13175881,-0.11559701,0.23884347,0.2236884,-0.11559701,0.34592658,0.32663795,-0.11559701,0.4631467,0.435028,-0.11559701
0.16666736,0.1482652,-0.12684047,0.418683,0.9031052,0.09542182,-0.88294834,0.42939243,-0.18980043,-0.21238318,-0.0047863126,0.9771746,-0.23331946,0.041826773,0.6747935,-0.6096074,-1.1344738,9.113181,0.16666736,0.1482652,-0.12684047,0.26317626,0.24289443,-0.12684047,0.37252527,0.34735033,-0.12684047,0.4914565,0.45622677,-0.12684047
0.18938334,0.1654271,-0.13883448,0.2649058,0.9598318,0.09245251,-0.93721086,0.27884042,-0.2094838,-0.22684877,-0.031153984,0.9734312,-0.27743226,0.041733343,0.71983176,-0.58261824,-1.0678037,9.773431,0.18938334,0.1654271,-0.13883448,0.2887881,0.26249772,-0.13883448,0.4002747,0.3682452,-0.13883448,0.5208286,0.47741804,-0.13883448
0.21353364,0.18328704,-0.1515646,0.09339542,0.99192435,0.08581086,-0.9676624,0.11071855,-0.22665176,-0.23432222,-0.06186772,0.9701885,-0.32547143,0.03566186,0.7638911,-0.5833375,-0.95926744,10.428616,0.21353364,0.18328704,-0.1515646,0.31565687,0.282552,-0.1515646,0.4291621,0.38938215,-0.1515646,0.5512561,0.49866492,-0.1515646
0.23913756,0.20188284,-0.16501498,-0.091453984,0.9929555,0.07533419,-0.96819,-0.07096908,-0.23994009,-0.23290348,-0.09488128,0.96786004,-0.37605253,0.022794653,0.8069576,-0.63232476,-0.80833185,11.077115,0.23913756,0.20188284,-0.16501498,0.34381586,0.30310452,-0.16501498,0.45922974,0.410814,-0.16501498,0.5827868,0.5200239,-0.16501498
0.2661567,0.22130802,-0.17917287,-0.28317457,0.9571262,0.061002605,-0.93321055,-0.26031166,-0.24770072,-0.22120121,-0.12707081,0.9669139,-0.42697424,0.002872637,0.8493171,-0.75991166,-0.62065136,11.717342,0.2661567,0.22130802,-0.17917287,0.37323982,0.32425758,-0.17917287,0.49045992,0.43264762,-0.17917287,0.6154081,0.5416053,-0.17917287
0.29453307,0.24159743,-0.19403315,-0.47323337,0.87987304,0.0432837,-0.8581344,-0.4493205,-0.24842755,-0.19913648,-0.15470745,0.9676827,-0.4755902,-0.023647672,0.89149666,-0.974566,-0.43458807,12.348283,0.29453307,0.24159743,-0.19403315,0.4038821,0.34605333,-0.19403315,0.5228133,0.45492977,-0.19403315,0.64908534,0.563459,-0.19403315
0.3241351,0.2628258,-0.20960104,-0.6511256,0.7586188,0.023087375,-0.7400679,-0.62786883,-0.24099855,-0.1683302,-0.17400654,0.9702508,-0.51938814,-0.0556481,0.934055,-1.2682239,-0.29911172,12.966491,0.3241351,0.2628258,-0.20960104,0.43562168,0.36857328,-0.20960104,0.5561756,0.4777461,-0.20960104,0.68370825,0.5856735,-0.20960104
0.3548567,0.28500104,-0.22588968,-0.8047152,0.5936591,0.0015109256,-0.5787917,-0.7839911,-0.22440621,-0.13203624,-0.18145761,0.9744946,-0.5564068,-0.09155741,0.9773805,-1.6375512,-0.24979222,13.566484,0.3548567,0.28500104,-0.22588968,0.46836194,0.3918312,-0.22588968,0.59045595,0.50111395,-0.22588968,0.71919024,0.60826963,-0.22588968
0.0015169558,0.0017305786,-0.042556763,0.9999316,0.010317628,0.0055201347,-0.0102981245,0.9999407,-0.0035500291,-0.005556435,0.003492939,0.9999785,-0.027913747,-0.04043663,0.043896127,-0.21006672,-0.3313045,0.61588985,0.0015169558,0.0017305786,-0.042556763,0.033539396,0.03374698,-0.042556763,0.09814353,0.09820183,-0.042556763,0.18473268,0.18390502,-0.042556763
0.005072849,0.0054619364,-0.04411304,0.9994373,0.031303734,0.012052748,-0.031199172,0.99947476,-0.008767773,-0.012320882,0.008386803,0.99988896,-0.030220198,-0.04048116,0.0933847,-0.30422425,-0.39756477,1.2541797,0.005072849,0.0054619364,-0.04411304,0.04476328,0.04513835,-0.04411304,0.114441395,0.11458694,-0.04411304,0.20456114,0.20354605,-0.04411304
0.010524599,0.010982241,-0.04649353,0.9978329,0.06286223,0.019437503,-0.06256224,0.99791795,-0.015675431,-0.020382427,0.014425407,0.9996882,-0.033998985,-0.038512718,0.14283042,-0.39315122,-0.46205702,1.8891722,0.010524599,0.010982241,-0.04649353,0.05724205,0.05767096,-0.04649353,0.13162214,0.13171303,-0.04649353,0.2250419,0.22364262,-0.04649353
0.017704591,0.018115949,-0.04969728,0.99409354,0.104959756,0.02758792,-0.10430145,0.9942484,-0.024310326,-0.029980857,0.021289283,0.99932355,-0.03868484,-0.034757722,0.19220854,-0.47590184,-0.5313633,2.5262136,0.017704591,0.018115949,-0.04969728,0.070877716,0.071235575,-0.04969728,0.14962329,0.14950116,-0.04969728,0.24613221,0.24413039,-0.04969728
0.026516844,0.026674861,-0.05372274,0.98683876,0.15753134,0.03651163,-0.15628876,0.9871011,-0.03471632,-0.041509576,0.028553052,0.99873,-0.04428979,-0.029753095,0.24152488,-0.5498796,-0.61375296,3.1687148,0.026516844,0.026674861,-0.05372274,0.085634656,0.08570047,-0.05372274,0.16844065,0.16784562,-0.05372274,0.26784542,0.26491624,-0.05372274
0.03686581,0.03653934,-0.058568478,0.9743375,0.22031797,0.046111543,-0.21819146,0.9747728,-0.04701325,-0.055306148,0.035745632,0.9978293,-0.051592197,-0.023883475,0.29079083,-0.6173446,-0.7063532,3.8158612,0.03686581,0.03653934,-0.058568478,0.10146995,0.10099419,-0.058568478,0.18805909,0.18669738,-0.058568478,0.29018232,0.28596234,-0.058568478
0.04863901,0.04754161,-0.064233184,0.9545614,0.29269403,0.056056168,-0.28930688,0.95526725,-0.061364044,-0.071509525,0.04235832,0.99653983,-0.061845195,-0.017137656,0.3399635,-0.6814469,-0.7995038,4.463594,0.04863901,0.04754161,-0.064233184,0.11831713,0.1169902,-0.064233184,0.20843688,0.2059493,-0.064233184,0.31311518,0.307171,-0.064233184
0.061842576,0.059585936,-0.07071352,0.9252592,0.3735577,0.06595303,-0.36846554,0.9263808,-0.07779087,-0.09015702,0.0476753,0.9947856,-0.0762408,-0.009186027,0.38890153,-0.73479635,-0.89150286,5.1085916,0.061842576,0.059585936,-0.07071352,0.13622266,0.13362801,-0.07071352,0.22964242,0.2255576,-0.07071352,0.33672553,0.32850716,-0.07071352
0.076424286,0.07256309,-0.07800257,0.88404673,0.46127474,0.075412154,-0.45399284,0.88580537,-0.09612196,-0.11113912,0.050739728,0.99250877,-0.0954976,0.00025456812,0.4373972,-0.7672995,-0.98063046,5.750607,0.076424286,0.07256309,-0.07800257,0.15516986,0.15082867,-0.07800257,0.25167876,0.2454579,-0.07800257,0.36102778,0.3499138,-0.07800257
0.09241719,0.086348966,-0.08609104,0.8285199,0.55364037,0.08388747,-0.5436902,0.8312189,-0.11608633,-0.13399893,0.050571032,0.9896903,-0.11973047,0.011049437,0.48527777,-0.7802899,-1.0555956,6.391944,0.09241719,0.086348966,-0.08609104,0.17522319,0.16849412,-0.08609104,0.27462795,0.26556474,-0.08609104,0.38611454,0.37131223,-0.08609104
0.109831765,0.10087212,-0.09496665,0.7563649,0.6478159,0.09081052,-0.634782,0.76039416,-0.13730325,-0.15799904,0.046206463,0.98635745,-0.14864764,0.02253286,0.53247875,-0.77513343,-1.1112176,7.037313,0.109831765,0.10087212,-0.09496665,0.19642091,0.18657531,-0.09496665,0.29854414,0.28584027,-0.09496665,0.41204938,0.39267042,-0.09496665
0.12867785,0.11603653,-0.10461664,0.6648373,0.74083275,0.09569527,-0.7244193,0.6706904,-0.15934396,-0.18222918,0.036614336,0.98257375,-0.1820265,0.034900807,0.5789735,-0.76199245,-1.1471224,7.7879953,0.12867785,0.11603653,-0.10461664,0.2187976,0.20499563,-0.10461664,0.3234759,0.3062173,-0.10461664,0.43888977,0.41392678,-0.10461664
0.14896375,0.13178933,-0.11503017,0.55230594,0.8278417,0.098164245,-0.8079569,0.56056964,-0.18156913,-0.2053384,0.020969227,0.9784664,-0.21977374,0.044095647,0.624909,-0.71436465,-1.16372,8.451071,0.14896375,0.13178933,-0.11503017,0.24238351,0.22371891,-0.11503017,0.34946662,0.32666847,-0.11503017,0.46668673,0.4350585,-0.11503017
0.17069568,0.14818127,-0.12619674,0.41869587,0.90285486,0.097705185,-0.8797055,0.42994386,-0.20313999,-0.22541374,-0.000897862,0.97426224,-0.2620978,0.049824618,0.67018557,-0.66990834,-1.1374217,9.116049,0.17069568,0.14818127,-0.12619674,0.26720458,0.2428105,-0.12619674,0.3765536,0.3472664,-0.12619674,0.49548483,0.45614284,-0.12619674
0.19392283,0.16518296,-0.13810384,0.2648666,0.959723,0.09368812,-0.9338813,0.27950677,-0.22302827,-0.24023181,-0.028420836,0.9702993,-0.309024,0.050571755,0.7146182,-0.6470375,-1.0595906,9.7774105,0.19392283,0.16518296,-0.13810384,0.2933276,0.26225358,-0.13810384,0.40481418,0.36800107,-0.13810384,0.5253681,0.4771739,-0.13810384
0.21864533,0.18286742,-0.15073597,0.0933124,0.9919305,0.08582792,-0.9643338,0.11148811,-0.24006371,-0.24769536,-0.06036581,0.9669553,-0.359958,0.045087624,0.758012,-0.65434706,-0.939217,10.433074,0.21864533,0.18286742,-0.15073597,0.32076856,0.2821324,-0.15073597,0.4342738,0.38896254,-0.15073597,0.5563678,0.4982453,-0.15073597
0.2448596,0.20131063,-0.1640768,-0.09155967,0.99304545,0.07400979,-0.96496665,-0.0701281,-0.25282654,-0.24587812,-0.09456568,0.9646766,-0.4134288,0.032532085,0.8003743,-0.7130471,-0.77621806,11.081021,0.2448596,0.20131063,-0.1640768,0.3495379,0.30253232,-0.1640768,0.46495178,0.41024178,-0.1640768,0.58850884,0.5194517,-0.1640768
0.27255777,0.22056034,-0.17811334,-0.28326464,0.9572694,0.05827737,-0.93020695,-0.2594516,-0.25961462,-0.233401,-0.12774962,0.96395195,-0.46715093,0.0126535585,0.8420297,-0.8540674,-0.5769923,11.719213,0.27255777,0.22056034,-0.17811334,0.37964088,0.3235099,-0.17811334,0.49686098,0.43189994,-0.17811334,0.6218092,0.5408576,-0.17811334
0.3016513,0.24070479,-0.19284153,-0.47326103,0.88005024,0.039182812,-0.8554612,-0.44851124,-0.25888905,-0.2102615,-0.15604144,0.9651115,-0.51839393,-0.014043288,0.8835541,-1.0856355,-0.38183144,12.346509,0.3016513,0.24070479,-0.19284153,0.4110003,0.3451607,-0.19284153,0.52993155,0.45403713,-0.19284153,0.65620357,0.56256634,-0.19284153
0.33199337,0.26178056,-0.20826805,-0.65104926,0.7588284,0.017733037,-0.7378154,-0.6271897,-0.24952275,-0.17822295,-0.17553529,0.9682065,-0.5645766,-0.04637815,0.92554915,-1.3987767,-0.24164568,12.95952,0.33199337,0.26178056,-0.20826805,0.44347996,0.36752805,-0.20826805,0.56403387,0.47670087,-0.20826805,0.6915665,0.5846283,-0.20826805
0.36347792,0.28380322,-0.22440767,-0.80450875,0.5939208,-0.0048696473,-0.5770273,-0.78351545,-0.23052761,-0.14073062,-0.18265155,0.9730533,-0.6036892,-0.08266567,0.96843314,-1.788765,-0.19301502,13.552946,0.36347792,0.28380322,-0.22440767,0.47698316,0.39063337,-0.22440767,0.59907717,0.49991614,-0.22440767,0.72781146,0.6070718,-0.22440767
0.0015474734,0.001738208,-0.042551637,0.99993145,0.010294366,0.005577137,-0.01027375,0.99994034,-0.0037124823,-0.0056150225,0.0036549298,0.9999775,-0.02975943,-0.04070799,0.04358634,-0.21976759,-0.3347714,0.6144927,0.0015474734,0.001738208,-0.042551637,0.033569913,0.03375461,-0.042551637,0.09817405,0.09820946,-0.042551637,0.1847632,0.18391265,-0.042551637
0.0051415134,0.0054619364,-0.044102907,0.9994374,0.031258214,0.012164137,-0.031148683,0.99947345,-0.009092142,-0.012441936,0.00870813,0.9998847,-0.03207816,-0.04071727,0.09307557,-0.31387997,-0.40103117,1.2527959,0.0051415134,0.0054619364,-0.044102907,0.044831943,0.04513835,-0.044102907,0.11451006,0.11458694,-0.044102907,0.20462981,0.20354605,-0.044102907
0.010608522,0.010982241,-0.04647839,0.99783385,0.06279818,0.019598654,-0.06248582,0.997915,-0.016163222,-0.02057281,0.014903571,0.99967736,-0.035881963,-0.038679242,0.14252077,-0.40282616,-0.46546927,1.8878067,0.010608522,0.010982241,-0.04647839,0.057325974,0.05767096,-0.04647839,0.13170606,0.13171303,-0.04647839,0.22512582,0.22364262,-0.04647839
0.017826661,0.018115949,-0.049676895,0.99409676,0.1048775,0.027790844,-0.10419513,0.9942435,-0.024962783,-0.030248903,0.02191975,0.99930197,-0.040606376,-0.03482168,0.19189635,-0.4856149,-0.53467757,2.524869,0.017826661,0.018115949,-0.049676895,0.070999786,0.071235575,-0.049676895,0.14974536,0.14950116,-0.049676895,0.24625428,0.24413039,-0.049676895
0.02668469,0.026674861,-0.05369699,0.9868454,0.15743433,0.03674762,-0.15615074,0.9870937,-0.035534155,-0.041867644,0.029328551,0.99869245,-0.04626671,-0.029681914,0.24120802,-0.5595659,-0.6169974,3.1674259,0.02668469,0.026674861,-0.05369699,0.0858025,0.08570047,-0.05369699,0.1686085,0.16784562,-0.05369699,0.26801327,0.26491624,-0.05369699
0.03703366,0.03653934,-0.058537483,0.97434956,0.22021149,0.046369404,-0.21802081,0.9747633,-0.047996953,-0.05576867,0.036656305,0.9977707,-0.053643506,-0.023647344,0.29046685,-0.62700486,-0.70947605,3.814644,0.03703366,0.03653934,-0.058537483,0.101637796,0.10099419,-0.058537483,0.18822694,0.18669738,-0.058537483,0.29035017,0.28596234,-0.058537483
0.048867892,0.04753398,-0.06419635,0.9545799,0.29258317,0.05632208,-0.28910172,0.95525503,-0.062512495,-0.072092056,0.043390363,0.99645364,-0.06399354,-0.01670638,0.3396294,-0.691055,-0.8024595,4.4624696,0.048867892,0.04753398,-0.06419635,0.11854601,0.11698257,-0.06419635,0.20866576,0.20594168,-0.06419635,0.31334406,0.30716336,-0.06419635
0.062086716,0.05956305,-0.070670485,0.9252859,0.3734455,0.0662104,-0.36822158,0.9263667,-0.079100266,-0.09087477,0.04881029,0.994665,-0.07851334,-0.0085342545,0.3885515,-0.74432653,-0.8942301,5.107592,0.062086716,0.05956305,-0.070670485,0.1364668,0.13360512,-0.070670485,0.22988656,0.2255347,-0.070670485,0.33696967,0.32848427,-0.070670485
0.0767142,0.07252494,-0.07795346,0.88408315,0.4611671,0.075642854,-0.45370847,0.885791,-0.09758532,-0.1120069,0.051953733,0.9923483,-0.0979224,0.0011518596,0.43702376,-0.77668023,-0.9830656,5.74978,0.0767142,0.07252494,-0.07795346,0.15545978,0.15079053,-0.07795346,0.25196868,0.24541976,-0.07795346,0.3613177,0.34987566,-0.07795346
0.09276051,0.08630319,-0.086034894,0.8285662,0.55354285,0.084071144,-0.5433645,0.8312058,-0.117692426,-0.13502824,0.051834706,0.9894847,-0.12233979,0.012209103,0.48487058,-0.7894761,-1.0576023,6.3913026,0.09276051,0.08630319,-0.086034894,0.17556651,0.16844834,-0.086034894,0.27497128,0.26551896,-0.086034894,0.38645786,0.37126645,-0.086034894
0.110205606,0.1007882,-0.09490299,0.75642216,0.6477327,0.09092454,-0.6344144,0.760386,-0.13903573,-0.15919578,0.047485907,0.986104,-0.1514755,0.023965666,0.5320269,-0.7841353,-1.1126137,7.036883,0.110205606,0.1007882,-0.09490299,0.19679475,0.18649139,-0.09490299,0.29891798,0.28575635,-0.09490299,0.41242322,0.3925865,-0.09490299
0.12909746,0.115929715,-0.1045444,0.66490453,0.7407703,0.09571545,-0.7240135,0.6706902,-0.16118063,-0.18359323,0.037870456,0.9822726,-0.18510726,0.036613114,0.5784646,-0.77095026,-1.1475807,7.7881894,0.12909746,0.115929715,-0.1045444,0.21921721,0.20488882,-0.1045444,0.3238955,0.3061105,-0.1045444,0.4393094,0.41381997,-0.1045444
0.1494444,0.13166726,-0.11494827,0.5523735,0.82780796,0.09806719,-0.8075221,0.5605735,-0.1834802,-0.20686027,0.022158213,0.9781194,-0.22314583,0.046081893,0.6243364,-0.72304505,-1.1631844,8.451561,0.1494444,0.13166726,-0.11494827,0.24286416,0.22359684,-0.11494827,0.34994727,0.3265464,-0.11494827,0.46716738,0.43493643,-0.11494827
0.171245,0.14799054,-0.12610376,0.41876113,0.9028504,0.09747031,-0.8792486,0.42995504,-0.20508708,-0.22707078,0.00018185377,0.9738783,-0.26579648,0.052068308,0.66954064,-0.6784834,-1.1355268,9.116834,0.171245,0.14799054,-0.12610376,0.2677539,0.24261977,-0.12610376,0.3771029,0.34707567,-0.12610376,0.49603415,0.4559521,-0.12610376
0.19455607,0.16496171,-0.1379987,0.26492536,0.9597447,0.093298145,-0.933411,0.27952546,-0.22496483,-0.24198803,-0.027486615,0.9698897,-0.31308094,0.053048313,0.7138928,-0.655756,-1.0560117,9.778386,0.19455607,0.16496171,-0.1379987,0.29396084,0.26203233,-0.1379987,0.40544742,0.36777982,-0.1379987,0.52600133,0.47695264,-0.1379987
0.21937013,0.18260802,-0.15061736,0.09336255,0.9919737,0.085273385,-0.96386284,0.111514434,-0.24193594,-0.24950331,-0.0596041,0.9665379,-0.3643951,0.04776311,0.75719905,-0.6634523,-0.9337254,10.434143,0.21937013,0.18260802,-0.15061736,0.32149336,0.281873,-0.15061736,0.4349986,0.38870314,-0.15061736,0.5570926,0.4979859,-0.15061736
0.24566832,0.20101309,-0.16394317,-0.09151898,0.9931025,0.0732905,-0.9645092,-0.0700965,-0.25457454,-0.24768126,-0.09398775,0.96427166,-0.41825876,0.035372175,0.7994702,-0.72296214,-0.768645,11.082031,0.24566832,0.20101309,-0.16394317,0.35034662,0.30223477,-0.16394317,0.4657605,0.40994424,-0.16394317,0.58931756,0.51915413,-0.16394317
0.27342752,0.22022465,-0.17796326,-0.2832294,0.9573326,0.057403237,-0.92978,-0.2594175,-0.2611733,-0.23513839,-0.12734428,0.9635832,-0.47237095,0.01561683,0.84103554,-0.8654065,-0.5672473,11.719925,0.27342752,0.22022465,-0.17796326,0.38051063,0.3231742,-0.17796326,0.49773073,0.43156424,-0.17796326,0.62267894,0.5405219,-0.17796326
0.30260497,0.24031569,-0.19267344,-0.47322553,0.8801137,0.03817691,-0.8550824,-0.44848016,-0.26019156,-0.21187656,-0.1557737,0.964802,-0.5239883,-0.01099974,0.88247764,-1.0989944,-0.37008694,12.346736,0.30260497,0.24031569,-0.19267344,0.411954,0.3447716,-0.19267344,0.5308852,0.45364803,-0.19267344,0.65715724,0.56217724,-0.19267344
0.33305386,0.26133043,-0.20808077,-0.6510097,0.75888723,0.016632177,-0.7374982,-0.627171,-0.25050527,-0.17967403,-0.17534754,0.9679723,-0.5705132,-0.04328164,0.9244042,-1.4146734,-0.22843163,12.959024,0.33305386,0.26133043,-0.20808077,0.44454044,0.36707792,-0.20808077,0.56509435,0.47625074,-0.20808077,0.692627,0.58417815,-0.20808077
0.39722925,0.30620968,-0.24105275,-0.9206606,0.38933805,-0.028281912,-0.37625918,-0.9043623,-0.2013896,-0.10398573,-0.17477013,0.97910285,-0.6410111,-0.11755048,1.0111735,-2.2507102,-0.2587369,14.122276,0.39722925,0.30620968,-0.24105275,0.5126431,0.41391915,-0.24105275,0.6362002,0.52312905,-0.24105275,0.7660807,0.6293458,-0.24105275
0.0014177737,0.0017076904,-0.04257357,0.9999317,0.010391733,0.005274666,-0.010375822,0.9999412,-0.0030348364,-0.005305895,0.0029799014,0.9999811,-0.021965217,-0.03895848,0.044888597,-0.17936362,-0.31650895,0.62046564,0.0014177737,0.0017076904,-0.04257357,0.033440214,0.033724092,-0.04257357,0.09804435,0.098178945,-0.04257357,0.1846335,0.18388213,-0.04257357
0.0048744846,0.005431419,-0.0441463,0.9994381,0.03144731,0.011572013,-0.03135897,0.9994779,-0.0077377013,-0.011809304,0.0073704696,0.9999028,-0.024218682,-0.039115034,0.09437516,-0.27365208,-0.38287315,1.2587247,0.0048744846,0.005431419,-0.0441463,0.044564914,0.045107834,-0.0441463,0.11424303,0.114556424,-0.0441463,0.20436278,0.20351553,-0.0441463
0.010211794,0.010966982,-0.04654348,0.9978331,0.06306959,0.018738253,-0.062810175,0.9979254,-0.014125207,-0.019590253,0.012917647,0.9997245,-0.02789164,-0.03736619,0.14382294,-0.36249682,-0.44754687,1.8936783,0.010211794,0.010966982,-0.04654348,0.056929246,0.0576557,-0.04654348,0.13130933,0.13169777,-0.04654348,0.22472909,0.22362736,-0.04654348
0.017307863,0.018077802,-0.049763918,0.99409044,0.10522171,0.026692731,-0.104642846,0.99426126,-0.022231463,-0.028878784,0.019306883,0.9993964,-0.032413952,-0.03393457,0.19320968,-0.44509214,-0.5170737,2.5306485,0.017307863,0.018077802,-0.049763918,0.07048099,0.07119743,-0.049763918,0.14922656,0.14946301,-0.049763918,0.24573548,0.24409224,-0.049763918
0.026005674,0.026636714,-0.053806424,0.986828,0.15783833,0.03544851,-0.15673165,0.9871189,-0.032103267,-0.040059034,0.026124515,0.9988553,-0.037790325,-0.029353393,0.24254175,-0.5191219,-0.59965694,3.1730044,0.026005674,0.026636714,-0.053806424,0.08512349,0.08566232,-0.053806424,0.16792949,0.16780747,-0.053806424,0.26733425,0.2648781,-0.053806424
0.036224943,0.03650882,-0.058669686,0.97431624,0.22065768,0.04491608,-0.21874419,0.97479564,-0.043862037,-0.053462505,0.032910377,0.9980271,-0.044788633,-0.024003742,0.2918308,-0.58670044,-0.6925591,3.819917,0.036224943,0.03650882,-0.058669686,0.10082908,0.100963674,-0.058669686,0.18741822,0.18666686,-0.058669686,0.28954145,0.28593183,-0.058669686
0.04786844,0.047526352,-0.064352274,0.9545261,0.293052,0.054775782,-0.28997818,0.9552939,-0.057672653,-0.06922806,0.039166275,0.99683166,-0.05465238,-0.017864753,0.3410379,-0.65083945,-0.7863526,4.4673843,0.04786844,0.047526352,-0.064352274,0.11754656,0.11697494,-0.064352274,0.20766631,0.20593405,-0.064352274,0.3123446,0.30715573,-0.064352274
0.060942307,0.059593566,-0.070851326,0.92520607,0.37391853,0.06464343,-0.36926436,0.9264081,-0.073565714,-0.087393776,0.044192925,0.9951931,-0.068565294,-0.010600219,0.39002836,-0.7044034,-0.879185,5.1120167,0.060942307,0.059593566,-0.070851326,0.13532239,0.13363564,-0.070851326,0.22874215,0.22556522,-0.070851326,0.33582526,0.32851478,-0.070851326
0.07540195,0.07260124,-0.078160524,0.883973,0.4616224,0.07413452,-0.454927,0.88582736,-0.091382116,-0.10785445,0.047053546,0.99305224,-0.08723378,-0.0019114922,0.4386047,-0.7374418,-0.96932876,5.7535167,0.07540195,0.07260124,-0.078160524,0.15414752,0.15086682,-0.078160524,0.25065643,0.24549605,-0.078160524,0.36000544,0.34995195,-0.078160524
0.09123463,0.08645578,-0.08627081,0.8284255,0.5539585,0.082712345,-0.5447642,0.8312289,-0.110862605,-0.13016617,0.04678268,0.9903879,-0.11076956,0.008086963,0.48660037,-0.75096864,-1.0457839,6.394272,0.09123463,0.08645578,-0.08627081,0.17404063,0.16860093,-0.08627081,0.2734454,0.26567155,-0.08627081,0.38493198,0.37141904,-0.08627081
0.10850425,0.10103997,-0.09517074,0.75625116,0.64808697,0.08981682,-0.6359934,0.76038307,-0.13164188,-0.1536106,0.042431433,0.9872198,-0.13887265,0.018748939,0.53395265,-0.74630827,-1.1035124,7.038948,0.10850425,0.10103997,-0.09517074,0.1950934,0.18674316,-0.09517074,0.29721662,0.28600812,-0.09517074,0.41072187,0.39283827,-0.09517074
0.12717485,0.11628067,-0.104848385,0.6647061,0.74104375,0.09496973,-0.725761,0.6706457,-0.15331249,-0.17730236,0.032982472,0.9836032,-0.1713171,0.030273331,0.58063954,-0.7329797,-1.1426063,7.78692,0.12717485,0.11628067,-0.104848385,0.2172946,0.20523977,-0.104848385,0.3219729,0.30646145,-0.104848385,0.43738678,0.41417092,-0.104848385
0.14725477,0.13214791,-0.115293264,0.55218965,0.8279621,0.097798705,-0.80939263,0.5605066,-0.17525776,-0.19992366,0.01761803,0.9796526,-0.20801142,0.038683042,0.626793,-0.68578035,-1.1627398,8.449026,0.14725477,0.13214791,-0.115293264,0.24067453,0.2240775,-0.115293264,0.34775764,0.32702705,-0.115293264,0.46497774,0.4354171,-0.115293264
0.16878833,0.14863141,-0.12649524,0.41860703,0.902888,0.09778112,-0.8812166,0.4298584,-0.19666925,-0.21960238,-0.0038391873,0.97558165,-0.24917082,0.0436857,0.6723163,-0.641195,-1.141027,9.113163,0.16878833,0.14863141,-0.12649524,0.26529723,0.24326064,-0.12649524,0.37464625,0.34771654,-0.12649524,0.49357748,0.45659298,-0.12649524
0.19177134,0.16575517,-0.1384424,0.26481128,0.9596803,0.094278134,-0.93543863,0.27939543,-0.21654665,-0.23415649,-0.03084737,0.9717091,-0.29484177,0.04379669,0.7170238,-0.6172864,-1.068767,9.773927,0.19177134,0.16575517,-0.1384424,0.2911761,0.2628258,-0.1384424,0.4026627,0.36857328,-0.1384424,0.5232166,0.4777461,-0.1384424
0.24217406,0.20212698,-0.16451073,-0.09154568,0.9929152,0.0757534,-0.9664977,-0.07027556,-0.24686709,-0.23979452,-0.09581507,0.96608365,-0.39659673,0.024843305,0.8033943,-0.6776768,-0.7980878,11.077436,0.24217406,0.20212698,-0.16451073,0.34685236,0.30334866,-0.16451073,0.46226624,0.41105813,-0.16451073,0.5858233,0.520268,-0.16451073
0.26956704,0.22152165,-0.1786027,-0.28323165,0.957135,0.060598813,-0.9316526,-0.2595949,-0.25423175,-0.22760302,-0.12846349,0.9652426,-0.44900438,0.004705782,0.84536165,-0.8132896,-0.6054753,11.716591,0.26956704,0.22152165,-0.1786027,0.37665015,0.3244712,-0.1786027,0.49387026,0.43286124,-0.1786027,0.61881846,0.5418189,-0.1786027
0.29834014,0.2417958,-0.19339108,-0.4732341,0.8799336,0.042028412,-0.85677147,-0.44863072,-0.25430906,-0.20491984,-0.15635645,0.96620923,-0.49899662,-0.022130461,0.8871736,-1.0375766,-0.41605413,12.345593,0.29834014,0.2417958,-0.19339108,0.40768915,0.3462517,-0.19339108,0.5266204,0.45512813,-0.19339108,0.6528924,0.56365734,-0.19339108
0.32834652,0.2630089,-0.20888174,-0.65105224,0.7587423,0.021001495,-0.7389489,-0.62725997,-0.24596629,-0.17345166,-0.17565593,0.9690505,-0.54402876,-0.0545115,0.92941135,-1.3419375,-0.2797956,12.960979,0.32834652,0.2630089,-0.20888174,0.4398331,0.36875638,-0.20888174,0.560387,0.4779292,-0.20888174,0.6879197,0.5858566,-0.20888174
0.35948774,0.2851689,-0.22508872,-0.80456346,0.5938651,-0.0013262108,-0.5779529,-0.78351533,-0.22819752,-0.13655767,-0.1828329,0.97361356,-0.58212864,-0.09079939,0.9724793,-1.7220545,-0.23260337,13.5574045,0.35948774,0.2851689,-0.22508872,0.472993,0.39199904,-0.22508872,0.595087,0.5012818,-0.22508872,0.7238213,0.6084375,-0.22508872
0.0015322146,0.001738208,-0.042553663,0.99993116,0.010302727,0.005565174,-0.010282611,0.9999403,-0.0036313653,-0.0056022564,0.003573892,0.99997765,-0.02887195,-0.040738136,0.043706622,-0.21494031,-0.33405876,0.61505497,0.0015322146,0.001738208,-0.042553663,0.033554655,0.03375461,-0.042553663,0.09815879,0.09820946,-0.042553663,0.18474793,0.18391265,-0.042553663
0.0051186252,0.0054619364,-0.044106722,0.9994367,0.031274833,0.012142599,-0.0311675,0.99947387,-0.008930332,-0.01241551,0.008546851,0.999886,-0.031187989,-0.04076508,0.09319548,-0.30905774,-0.40036446,1.2533484,0.0051186252,0.0054619364,-0.044106722,0.044809055,0.04513835,-0.044106722,0.11448717,0.11458694,-0.044106722,0.20460692,0.20354605,-0.044106722
0.010593263,0.010982241,-0.046484113,0.9978328,0.06282123,0.01957028,-0.06251428,0.99791694,-0.015920453,-0.020529658,0.01466253,0.9996816,-0.03498637,-0.038761742,0.1426409,-0.39799646,-0.46485552,1.8883488,0.010593263,0.010982241,-0.046484113,0.057310715,0.05767096,-0.046484113,0.1316908,0.13171303,-0.046484113,0.22511056,0.22364262,-0.046484113
0.017788514,0.018123578,-0.049684644,0.994094,0.10490863,0.027760085,-0.10423672,0.9942469,-0.024639187,-0.030185252,0.021600055,0.99931055,-0.039703038,-0.034955613,0.19201738,-0.48074916,-0.5341185,2.52539,0.017788514,0.018123578,-0.049684644,0.07096164,0.071243204,-0.049684644,0.14970721,0.14950879,-0.049684644,0.24621613,0.24413802,-0.049684644
0.026623655,0.02668249,-0.053706884,0.98684037,0.15747115,0.036718104,-0.15620533,0.9870993,-0.03513064,-0.04177649,0.028932782,0.99870765,-0.045350544,-0.029883917,0.24133115,-0.5547541,-0.6164485,3.1679153,0.026623655,0.02668249,-0.053706884,0.08574147,0.0857081,-0.053706884,0.16854747,0.16785325,-0.053706884,0.26795223,0.26492387,-0.053706884
0.036942106,0.036546968,-0.058549404,0.97434187,0.22024979,0.046345558,-0.21808697,0.97477204,-0.047513872,-0.055641275,0.036187395,0.9977948,-0.052708447,-0.023933422,0.29059303,-0.6222134,-0.7089463,3.8150966,0.036942106,0.036546968,-0.058549404,0.10154624,0.10100182,-0.058549404,0.18813539,0.18670501,-0.058549404,0.29025862,0.28596997,-0.058549404
0.048738193,0.04754924,-0.06421065,0.9545685,0.2926229,0.05631069,-0.2891825,0.95526725,-0.061952084,-0.07192036,0.042853445,0.9964894,-0.06303208,-0.017092805,0.33975983,-0.6863026,-0.8020065,4.462885,0.048738193,0.04754924,-0.06421065,0.11841631,0.11699783,-0.06421065,0.20853606,0.20595694,-0.06421065,0.31321436,0.30717862,-0.06421065
0.061949387,0.059585936,-0.070687175,0.9252702,0.3734844,0.06621863,-0.36831805,0.92638296,-0.07846551,-0.09064944,0.04821226,0.9947154,-0.07751674,-0.009035954,0.38868803,-0.73962504,-0.8938568,5.1079254,0.061949387,0.059585936,-0.070687175,0.13632947,0.13362801,-0.070687175,0.22974923,0.2255576,-0.070687175,0.33683234,0.32850716,-0.070687175
0.07657687,0.07255546,-0.07797253,0.88406134,0.46120256,0.07567852,-0.45382148,0.8858101,-0.09688169,-0.1117189,0.051304836,0.9924143,-0.096877895,0.00052130123,0.43716988,-0.772108,-0.9828276,5.7500305,0.07657687,0.07255546,-0.07797253,0.15532245,0.15082105,-0.07797253,0.25183135,0.24545027,-0.07797253,0.36118037,0.34990618,-0.07797253
0.09260029,0.08633371,-0.08605671,0.8285391,0.5535728,0.08414254,-0.54349506,0.83122855,-0.11692718,-0.1346694,0.051147696,0.9895695,-0.12123427,0.011439424,0.48503056,-0.78504425,-1.0575405,6.3914623,0.09260029,0.08633371,-0.08605671,0.17540629,0.16847886,-0.08605671,0.27481106,0.26554948,-0.08605671,0.38629764,0.37129697,-0.08605671
